TOP 0 15 75991061079819
TOP 15 0 186280065714286
TOP 15 15 25875197506800
TOP 15 0 262728270412174
TOP 15 0 109259173594493
TOP 15 15 105263938096047
TOP 15 15 173437343076447
TOP 0 15 214653718101668
TOP 15 15 129090528559485
TOP 0 0 89690546956068
TOP 15 15 125837344147806
TOP 0 15 29127612998651
TOP 15 0 68533400507456
TOP 0 15 236621164444062
TOP 15 0 249005330573055
TOP 15 0 33745729489872
TOP 0 15 200139633473903
TOP 15 15 85370660598404
TOP 15 15 279573446494740
TOP 0 15 222599362566309
TOP 0 15 106569539677869
TOP 15 0 31312662904111
TOP 15 15 114308309215684
TOP 15 15 256216505157282
TOP 0 0 259601060096702
TOP 0 0 135797481916836
TOP 15 15 263579468615716
TOP 15 0 232122864234936
TOP 0 15 42199503439426
TOP 0 0 185861031760715
TOP 15 15 177853462504064
TOP 15 0 246757530968052
TOP 0 15 114152217237410
TOP 0 0 187134036491920
TOP 15 15 245943604876391
TOP 0 0 258461668894240
TOP 0 0 83739180714950
TOP 15 15 252359754192303
TOP 0 0 241671090184341
TOP 0 15 161862437396339
TOP 15 0 260202254177512
TOP 0 15 264230868539970
TOP 15 15 98691918405653
TOP 0 0 277471690553462
TOP 0 0 22560597626404
TOP 0 0 69421468641113
TOP 15 0 117517875605918
TOP 0 15 211528773546288
TOP 0 0 256255711975322
TOP 15 15 45854804042583
TOP 0 15 208764777802832
TOP 0 15 31189527022905
TOP 0 0 8222584965271
TOP 15 0 194635680614928
TOP 0 0 43657987113041
TOP 0 0 176772807056380
TOP 15 15 223050496268888
TOP 0 15 228893185370920
TOP 15 0 134488591956729
TOP 0 15 14006247116625
TOP 0 15 229920341402525
TOP 0 0 166365886285775
TOP 0 0 10593472976798
TOP 15 0 202688396123415
TOP 0 15 187440975174081
TOP 15 0 28938597166744
TOP 0 0 142683183452420
TOP 0 0 163625447538272
TOP 15 0 119302248660876
TOP 15 0 166090497582329
TOP 0 0 226069900263449
TOP 0 0 154271435384699
TOP 15 15 201735258382087
TOP 15 0 107654791403532
TOP 15 15 17991403523790
TOP 15 0 240168103522646
TOP 15 0 3186517786104
TOP 15 0 193709992758441
TOP 15 0 126643252962149
TOP 0 15 100954266097630
TOP 15 0 243856890390342
TOP 15 15 106302456330421
TOP 15 0 189576350169105
TOP 0 0 15891825942371
TOP 0 0 59523503633283
TOP 15 0 114482636177040
TOP 15 15 101690650578071
TOP 0 15 249455154021198
TOP 0 0 251165389098057
TOP 0 0 218769145815102
TOP 15 15 96313742129761
TOP 0 15 62806921530662
TOP 0 0 170006776137199
TOP 0 15 259802935772098
TOP 15 15 181898713050460
TOP 0 0 121597436743516
TOP 0 0 210571368427613
TOP 15 15 261081035558426
TOP 15 0 277735276218150
TOP 0 0 76075409962567
TOP 0 15 157007082207894
TOP 15 0 100070846742948
TOP 15 0 272370730097837
TOP 0 0 270196278167002
TOP 15 0 89097767952361
TOP 0 15 88984727329397
TOP 15 0 153046731360046
TOP 0 15 119393773904393
TOP 0 0 43627338968423
TOP 15 0 87156286057819
TOP 0 0 73395371183490
TOP 15 15 228651948658331
TOP 15 0 170877038650315
TOP 0 15 222694017283313
TOP 0 15 277437176808073
TOP 0 0 29877895563414
TOP 15 15 243605633271774
TOP 15 0 32735675148768
TOP 0 15 215243477227947
TOP 15 0 18776722600634
TOP 0 0 219991251388226
TOP 0 15 161332864600137
TOP 15 0 61966990294171
TOP 15 15 138184777245758
TOP 15 0 224161855146089
TOP 15 0 107897581292816
TOP 0 0 137876084159692
TOP 15 0 62909723869367
TOP 15 15 125420859969699
TOP 0 15 126259916318164
TOP 15 0 99762486265822
TOP 0 0 218960067964552
TOP 0 0 66597454573287
TOP 15 15 24507072049699
TOP 0 0 44636467762645
TOP 0 15 21026739027893
TOP 15 0 198934029120159
TOP 0 15 86612612376734
TOP 15 15 174667194024688
TOP 15 15 150883507957394
TOP 15 15 260096759879762
TOP 15 0 36518912055790
TOP 0 0 220338711961677
TOP 15 15 276634605372569
TOP 0 0 125289322367357
TOP 15 15 107751757413556
TOP 15 15 246029328407562
TOP 0 0 15176829215793
TOP 15 15 24425522516573
TOP 0 15 36169961414225
TOP 0 0 104886664572567
TOP 0 15 98934671040656
TOP 0 15 43623268807024
TOP 15 0 166261837999156
TOP 15 15 240959065666740
TOP 0 15 191656245980755
TOP 15 0 3393593776512
TOP 15 15 219486084043463
TOP 0 15 5285737776203
TOP 0 0 159309789914128
TOP 15 15 167189562423180
TOP 0 0 201019342904129
TOP 15 15 85613201696701
TOP 15 0 24683487588217
TOP 0 0 89008065381571
TOP 15 15 233796010062919
TOP 15 15 178022897333231
TOP 0 0 254578095777404
TOP 15 0 20397764229621
TOP 15 15 90969684334638
TOP 0 0 147991842014893
TOP 0 15 79944012388597
TOP 0 0 218116916417642
TOP 15 0 108170916713267
TOP 0 0 123484566281962
TOP 15 0 136329219725144
TOP 15 15 212092587630405
TOP 15 0 58121768139755
TOP 0 0 118417201186809
TOP 0 15 63781420158636
TOP 15 15 65094843361997
TOP 15 0 27181858448583
TOP 0 0 31530337169563
TOP 0 15 141951736266486
TOP 0 0 227963925934080
TOP 15 0 203842512037168
TOP 15 15 262613915652928
TOP 0 0 1429747610407
TOP 0 15 146880703337122
TOP 15 0 256522676158236
TOP 15 0 82817915472521
TOP 0 0 262558413948799
TOP 0 0 46964668858689
TOP 15 15 177534122632256
TOP 0 15 76950390709040
TOP 15 0 9964934559801
TOP 0 0 126031904881449
TOP 15 15 27540712313467
TOP 15 0 198426178993988
TOP 0 0 118103060838128
TOP 0 15 154936032578799
TOP 15 0 220756981517959
TOP 0 15 11739446463842
TOP 15 0 277932437663980
TOP 15 15 204708805384071
TOP 0 15 218006489513110
TOP 0 0 155650594070163
TOP 0 0 153805357845129
TOP 15 0 215640189817233
TOP 15 15 264576539286801
TOP 15 15 122746474450246
TOP 15 15 56778668462173
TOP 15 15 206676331596340
TOP 0 15 76455202156200
TOP 15 15 29496680417693
TOP 0 15 88179605422505
TOP 0 15 41905030565284
TOP 15 15 197393768338039
TOP 0 0 45815202035546
TOP 0 0 263917226610577
TOP 0 0 3580940708630
TOP 0 0 182657578612177
TOP 15 15 270653079746952
TOP 0 0 120425715729533
TOP 0 15 246149419516122
TOP 15 15 173059796661528
TOP 15 0 44470881528793
TOP 15 15 210235100633856
TOP 15 0 194761041990721
TOP 15 15 222387623782020
TOP 15 0 252252367421599
TOP 0 15 161749246689347
TOP 0 15 182481265346015
TOP 15 0 19903389660687
TOP 15 0 253696628850810
TOP 0 15 78189394602535
TOP 0 0 4194265306393
TOP 0 15 202413732490495
TOP 0 0 39495521591753
TOP 15 15 269162789770739
TOP 15 15 137660653627390
TOP 15 0 158934301754533
TOP 0 15 243279213771701
TOP 0 15 246874513486258
TOP 15 0 44847532101560
TOP 0 15 249100391847489
TOP 0 0 21820977309376
TOP 0 0 276492312033418
TOP 0 15 207410754053691
TOP 0 0 47441540332200
TOP 15 15 105454280228870
TOP 0 0 267764268523004
TOP 0 0 25034511131121
TOP 0 15 172617140956237
TOP 0 15 270168950951955
TOP 15 15 83464684963313
TOP 15 15 27731247256034
TOP 15 15 30079891535205
TOP 15 15 26276671054114
TOP 0 0 124097809901276
TOP 0 0 15609749929691
TOP 0 0 106001753788059
TOP 15 0 69369183217713
TOP 15 15 145360833799453
TOP 15 15 132629605022680
TOP 0 15 196299868105798
TOP 0 0 43684291818832
TOP 15 15 271873516180646
TOP 0 15 176387598715678
TOP 0 0 269831042582972
TOP 0 15 40857313322093
TOP 15 15 92802946453283
TOP 0 15 231251834319632
TOP 0 15 154669968750825
TOP 0 15 224406848284447
TOP 0 15 71667010998417
TOP 15 15 135952770100768
TOP 15 0 32358986833991
TOP 15 0 272146742066674
TOP 15 0 228031811777068
TOP 0 0 12441938035230
TOP 15 0 39042574512150
TOP 15 15 260186505300369
TOP 0 15 123355516185667
TOP 15 15 148474789439697
TOP 0 0 28789727999358
TOP 15 0 149541505014640
TOP 15 0 102927130988764
TOP 0 0 20776053097203
TOP 0 0 275571735713715
TOP 15 15 43472596563274
TOP 0 15 23743301665037
TOP 15 15 73967776600061
TOP 0 15 251800524237878
TOP 15 0 66031194778377
TOP 0 0 158829596175775
TOP 0 0 170947264350246
TOP 0 0 76654758654972
TOP 15 0 84896523201884
TOP 0 15 13122678965952
TOP 15 15 257862584788290
TOP 15 0 213156823359066
TOP 0 15 161665992921715
TOP 15 15 41298654548581
TOP 15 0 55458637319410
TOP 15 15 113187583316796
TOP 0 0 184704544153902
TOP 0 15 138905490895849
TOP 0 0 210449029173623
TOP 15 0 99150089066599
TOP 0 15 80395479606138
TOP 15 15 270932360626033
TOP 15 15 78769744470084
TOP 15 0 255978437156765
TOP 0 15 34502432629061
TOP 0 15 20814556032643
TOP 15 0 32736497737285
TOP 0 0 36883735051535
TOP 15 15 278940868633030
TOP 15 0 165140741014972
TOP 0 15 9178732712114
TOP 0 15 26001503130043
TOP 0 0 43186219920961
TOP 15 15 130450866085962
TOP 15 15 111088327494008
TOP 15 15 251563522052699
TOP 15 15 144840952847172
TOP 15 0 11957332780995
TOP 0 15 268736806439294
TOP 15 15 69024953322295
TOP 15 0 39628291595671
TOP 15 15 81562919103376
TOP 0 15 240675060141038
TOP 0 0 170339123419725
TOP 15 15 201837630839408
TOP 0 15 41211170251174
TOP 15 0 268193315639132
TOP 0 0 249424760529827
TOP 0 15 228215946338328
TOP 15 15 262690968680333
TOP 15 15 13472802913540
TOP 15 15 264078212952996
TOP 0 0 147101563684008
TOP 15 0 195314775513215
TOP 0 0 123588178420185
TOP 0 0 164456720458037
TOP 0 15 105714761894647
TOP 15 15 46922640896517
TOP 15 0 257463211384784
TOP 15 15 278154900663436
TOP 15 0 188036666878514
TOP 15 0 28245220154396
TOP 0 15 213868336965865
TOP 15 0 184044776476822
TOP 0 0 77156096975261
TOP 15 15 222254762263469
TOP 0 15 61626300477029
TOP 15 15 259179974640576
TOP 0 0 223325091790633
TOP 0 15 199214010443353
TOP 15 0 263660951274656
TOP 15 0 72881547896684
TOP 0 0 134636844565718
TOP 0 15 47828339306064
TOP 15 0 126311100282868
TOP 15 0 55024886767100
TOP 15 15 110551059964100
TOP 0 0 36911537975722
TOP 0 15 197123254556512
TOP 0 15 276729859393830
TOP 0 15 198612549503482
TOP 15 0 31302389808269
TOP 15 0 47208852074627
TOP 15 0 143439996575385
TOP 15 15 177440207033641
TOP 15 0 188396504351114
TOP 15 0 120662590250645
TOP 15 0 139403622375329
TOP 0 0 175569334995736
TOP 0 15 160657227160735
TOP 15 15 81471075149035
TOP 0 15 183033796489477
TOP 15 0 238548173758548
TOP 15 15 205734657776025
TOP 0 0 201852161749841
TOP 0 15 22106301632729
TOP 15 0 49776948897532
TOP 0 15 89525853345772
TOP 0 15 272083100391924
TOP 15 15 39119621439646
TOP 15 15 203955584139087
TOP 15 15 251101768479269
TOP 15 15 80962133990045
TOP 15 15 86271364316014
TOP 15 15 39552670651441
TOP 15 0 73036369679573
TOP 0 0 233379339219650
TOP 15 0 279928987306183
TOP 15 0 199517830725730
TOP 15 0 156319955896686
TOP 0 15 256002664593086
TOP 0 0 30657865910907
TOP 0 15 243923931591497
TOP 15 15 33429905947567
TOP 15 15 92329730329333
TOP 15 0 178929824387994
TOP 15 15 182196954396914
TOP 0 15 45351089176701
TOP 15 15 71803106785828
TOP 0 15 250661324600545
TOP 0 15 24912196579472
TOP 15 0 207414168745617
TOP 0 0 96426276116133
TOP 15 15 50586264182057
TOP 15 0 206741032930473
TOP 15 0 120060091096451
TOP 0 15 106321441101945
TOP 0 15 210742575184819
TOP 0 0 201208745672735
TOP 0 15 16708840476846
TOP 0 15 106516774246023
TOP 0 0 108341753834800
TOP 0 0 135163341894779
TOP 0 15 195240760026973
TOP 0 15 196873668480039
TOP 15 0 20846342883941
TOP 15 0 7395350711240
TOP 15 15 101605502354508
TOP 15 15 162899687186561
TOP 0 0 89118578000147
TOP 15 15 60282420143159
TOP 15 0 131674072370195
TOP 15 0 74623120568110
TOP 15 0 198019241043821
TOP 15 0 36559023972981
TOP 0 0 259085206981501
TOP 0 15 171326178414956
TOP 0 0 58265910204866
TOP 15 15 121501884422258
TOP 15 15 213350160010518
TOP 0 15 10749030606072
TOP 15 0 67864934776331
TOP 15 15 270015146087241
TOP 15 0 144246876932577
TOP 0 0 188735428092419
TOP 0 15 6102810095962
TOP 15 0 230993310708334
TOP 0 0 204165477784403
TOP 15 0 265543570753269
TOP 15 0 157493212011274
TOP 15 0 203914228655410
TOP 15 15 73763826334915
TOP 15 0 150243254189546
TOP 0 15 153475726660944
TOP 0 15 172443586916506
TOP 15 15 260073711467822
TOP 15 15 31531192215801
TOP 0 15 104736532968094
TOP 0 0 216892065352103
TOP 0 0 280524667777808
TOP 0 15 140111784327064
TOP 15 0 236847979453724
TOP 15 15 183071053455358
TOP 0 15 248153913088989
TOP 0 15 137746610146789
TOP 0 15 139743122783015
TOP 0 0 251801857669102
TOP 0 15 138765402022214
TOP 0 15 244534027933650
TOP 0 0 63853723745212
TOP 0 0 9016728493382
TOP 15 0 257149826150795
TOP 0 0 53047155066614
TOP 15 15 201831646770294
TOP 15 0 168714667956679
TOP 15 15 69923712903092
TOP 0 15 149752692820287
TOP 15 15 212968418762302
TOP 15 15 265924623525333
TOP 0 15 117347242499619
TOP 15 15 123021022583681
TOP 0 0 94153701470168
TOP 15 15 39201248164845
TOP 0 15 106276385016296
TOP 0 15 249857571647991
TOP 15 0 255109971658435
TOP 0 15 245357039889804
TOP 0 15 7419975519316
TOP 0 0 126040763732689
TOP 0 15 115885286723426
TOP 15 0 241504607019597
TOP 15 0 259755835494040
TOP 15 0 110271559008549
TOP 15 15 104264653059590
TOP 0 0 139569610717411
TOP 15 0 268082874081852
TOP 0 0 275189284168695
TOP 0 0 57705938113339
TOP 15 0 79327354053631
TOP 0 0 68261461177830
TOP 15 15 251409301159967
TOP 0 0 141618946049067
TOP 15 0 244515653266149
TOP 0 0 139266773684779
TOP 15 0 211042701255378
TOP 0 0 162110964101965
TOP 0 0 47991392868477
TOP 15 15 15730747058965
TOP 15 0 183152223012279
TOP 15 15 88789412407754
TOP 15 15 99664557561758
TOP 15 15 246607556710584
TOP 0 0 205455676009161
