BOT 0 0 160719105221294
BOT 0 15 87001229364476
BOT 15 15 116532920786251
BOT 15 0 275805091973441
BOT 0 15 92091348130808
BOT 15 15 102254623463213
BOT 15 15 205095986920181
BOT 15 15 44658886204848
BOT 0 0 137391142331559
BOT 0 0 70826434466568
BOT 15 0 155503106554480
BOT 0 0 97902912758791
BOT 15 0 146584749921308
BOT 15 15 107409754388452
BOT 0 15 131447759074454
BOT 15 0 99297498010860
BOT 15 15 116830255157856
BOT 15 0 233059767668715
BOT 15 0 260832720402967
BOT 15 15 67944465244438
BOT 15 15 61177976477241
BOT 0 0 17327024121228
BOT 15 15 245231591814932
BOT 15 0 236691686686637
BOT 0 15 209487885952832
BOT 0 15 150849288370903
BOT 0 0 227017732862058
BOT 15 0 84153289613579
BOT 0 15 176048539346976
BOT 0 0 38699319129068
BOT 15 15 131364837823429
BOT 15 15 32295951188281
BOT 0 0 153241698353943
BOT 15 15 104071796773037
BOT 15 15 216575877425816
BOT 0 0 271552076400584
BOT 15 15 137951725158256
BOT 15 0 134477459640623
BOT 0 0 50421900576862
BOT 15 0 184359714961169
BOT 0 15 131001796189432
BOT 15 0 21219348794474
BOT 15 15 19302099986925
BOT 0 15 56644727823507
BOT 0 0 65553271809136
BOT 15 0 113577071398832
BOT 15 0 48984871525555
BOT 0 0 223341000836827
BOT 15 0 76328544383136
BOT 0 0 196634890379745
BOT 0 0 146026813271115
BOT 0 15 122997359541390
BOT 15 15 195199493537942
BOT 15 0 164115687774912
BOT 0 15 97874930218633
BOT 15 0 244434038082805
BOT 0 0 70579890585827
BOT 15 15 170725546000816
BOT 0 0 56346974279817
BOT 0 0 80658850092668
BOT 15 15 279156876777107
BOT 15 15 214914390167328
BOT 15 0 178487573443355
BOT 15 15 57433384285238
BOT 15 15 166377441360956
BOT 0 15 155474131226121
BOT 0 0 86174976647621
BOT 15 15 250250231280194
BOT 15 15 263468146947687
BOT 15 15 230970458181252
BOT 0 0 133392331552727
BOT 0 0 87257644157975
BOT 0 0 72715664661611
BOT 15 0 241042307262689
BOT 15 0 209551673022190
BOT 15 15 109076001552298
BOT 15 15 126941346206787
BOT 15 15 239983255052476
BOT 15 15 161903037351892
BOT 15 0 223283104669818
BOT 0 15 53401070792200
BOT 0 15 55143812549033
BOT 15 15 83391620618150
BOT 15 0 245197024805701
BOT 15 0 174193616443067
BOT 15 15 123258529343863
BOT 0 0 79804132809725
BOT 15 0 164828039504895
BOT 0 0 55108918100037
BOT 15 0 131012496682934
BOT 15 0 156342627910669
BOT 15 15 24230227344459
BOT 15 15 6550284971655
BOT 15 15 62382197138310
BOT 15 15 86411634890439
BOT 15 15 155766881415538
BOT 0 0 70831025781927
BOT 15 15 248044843291545
BOT 0 15 108959193997428
BOT 15 0 20700873446326
BOT 15 0 206003601001475
BOT 0 15 183179679428677
BOT 0 15 189426972634253
BOT 0 0 276904562216603
BOT 0 0 12951944716246
BOT 0 15 40583940651371
BOT 0 15 76704210093900
BOT 15 0 217605735849037
BOT 0 15 1816634981291
BOT 15 0 276146994329523
BOT 15 15 201042632635629
BOT 15 15 274760438337658
BOT 15 0 73925656542051
BOT 0 15 233704395485473
BOT 0 15 194833941505267
BOT 0 0 34208806401306
BOT 15 15 254739176309461
BOT 15 0 164271050053786
BOT 0 15 216968190337196
BOT 15 15 51734393948393
BOT 0 15 255693458510847
BOT 15 0 73287893886852
BOT 15 15 114626621675740
BOT 15 15 226058721040109
BOT 15 15 158899185188502
BOT 0 15 45485577228559
BOT 15 0 225353425697507
BOT 15 0 204247684733254
BOT 15 15 274850075703051
BOT 15 0 223960104969655
BOT 0 15 101266951409954
BOT 15 15 102250265226535
BOT 15 0 266867665646566
BOT 15 0 271395697577041
BOT 0 0 64054998552587
BOT 0 0 139404127592935
BOT 15 15 174438128810729
BOT 15 15 253117352990665
BOT 0 0 122804243910915
BOT 15 0 174781113548303
BOT 15 0 175117333204811
BOT 15 15 72139123972138
BOT 15 0 179465205686458
BOT 15 15 181789299700819
BOT 15 15 255640992856432
BOT 0 15 81301890127036
BOT 15 0 213574396174924
BOT 0 15 153065144639865
BOT 0 15 266581739148636
BOT 0 0 216327420018405
BOT 0 0 249196941618779
BOT 15 15 256886391160546
BOT 15 0 20712138354246
BOT 0 15 234926396927736
BOT 15 0 240690801720183
BOT 0 0 170532065125823
BOT 0 15 169720472951623
BOT 0 0 229719023128491
BOT 0 0 164183354771976
BOT 15 15 267697745621361
BOT 15 15 78746374382587
BOT 15 15 3475077272891
BOT 0 15 23069154369942
BOT 15 15 193724062519847
BOT 15 15 273931795572863
BOT 0 15 30877417440069
BOT 15 15 193693149857052
BOT 15 0 9511055006540
BOT 0 15 269935413300590
BOT 15 0 150282232875471
BOT 0 0 253288630380612
BOT 0 0 193979790200170
BOT 15 15 215640079242905
BOT 15 15 23661105667411
BOT 15 15 173240124981158
BOT 0 15 36638154399726
BOT 0 15 10840245516245
BOT 0 15 147811646492805
BOT 0 15 205523694418263
BOT 0 0 257556919875585
BOT 0 0 232261866994007
BOT 15 15 1842794549665
BOT 15 0 270004283455825
BOT 0 0 46841388194643
BOT 0 15 147209865681459
BOT 15 0 5030429820849
BOT 0 0 213178314114584
BOT 0 0 72011113585483
BOT 0 15 100979751303310
BOT 15 0 78093480533605
BOT 15 15 134354668615011
BOT 0 0 14790915455376
BOT 15 0 92042032844203
BOT 0 0 128073602218568
BOT 0 0 233384445184174
BOT 0 15 50865709878727
BOT 15 15 70065505589934
BOT 0 0 200357208567515
BOT 15 15 258818476463063
BOT 15 0 68161275307041
BOT 15 0 279161646991647
BOT 0 15 61274812703570
BOT 15 15 208136406996211
BOT 0 0 169547284165726
BOT 15 15 16224226886547
BOT 0 0 5704930686509
BOT 0 0 105176569710212
BOT 15 0 100478288018645
BOT 0 15 88317728578269
BOT 0 0 130923866243775
BOT 0 0 252945062220554
BOT 15 0 162982836484006
BOT 15 0 211118468982051
BOT 15 0 53633074018817
BOT 0 15 190166320435235
BOT 0 15 187163429909725
BOT 15 0 192251073839808
BOT 15 15 180632338169475
BOT 0 0 173949915407773
BOT 0 0 244777976688867
BOT 15 15 79910557033880
BOT 0 15 219276433822951
BOT 0 0 24362070839505
BOT 0 0 8627494129086
BOT 0 15 247882394683591
BOT 0 0 281037803753888
BOT 0 0 171035127433633
BOT 0 15 220087353670751
BOT 0 0 109032877756406
BOT 15 15 164898528954171
BOT 15 15 37249367309824
BOT 0 15 228484001690859
BOT 0 15 50871581607448
BOT 15 15 217552679864438
BOT 15 15 195070295777146
BOT 0 15 208157237321797
BOT 0 0 96307042510452
BOT 15 0 128309463797036
BOT 0 15 231220063753535
BOT 0 15 153907523068643
BOT 15 15 198935168792650
BOT 0 0 148212292081539
BOT 15 15 82104409419723
BOT 0 15 41912471829906
BOT 15 0 43491155364473
BOT 15 0 9532600200509
BOT 0 15 267719598536232
BOT 15 0 210425298658624
BOT 15 15 85361983329861
BOT 0 0 218833470113253
BOT 15 15 75830180905543
BOT 0 0 8110777353994
BOT 15 0 110860799654074
BOT 15 15 203238558244085
BOT 0 15 7837250693020
BOT 0 15 14315390424486
BOT 0 15 53190400139985
BOT 15 0 138310363181414
BOT 15 0 180529184010028
BOT 0 0 10122215070545
BOT 0 0 231197168791358
BOT 15 0 13611842372205
BOT 15 0 34654750644640
BOT 0 15 162393037824085
BOT 0 15 207051130036175
BOT 15 0 211256805804297
BOT 0 15 20572559014164
BOT 0 15 258292555942354
BOT 0 15 124903515188762
BOT 15 15 114967168267740
BOT 0 15 6222561601424
BOT 0 0 101308252343291
BOT 0 15 145390796730248
BOT 15 15 76126581248925
BOT 0 0 15494433368909
BOT 0 0 236529315537962
BOT 0 15 184632344834829
BOT 0 0 26928720898243
BOT 15 0 101192910706124
BOT 0 0 274032024310513
BOT 15 15 271212435741428
BOT 0 0 85020672986472
BOT 0 0 256380589563118
BOT 0 0 102912508014423
BOT 0 0 166950648417003
BOT 0 15 276404365302093
BOT 15 0 51786929202844
BOT 15 15 184290163556217
BOT 15 15 156120852051266
BOT 15 0 163412005472510
BOT 15 15 75070498647784
BOT 0 0 170404929124233
BOT 0 15 271454551461053
BOT 15 0 115346880975419
BOT 0 15 245566567051995
BOT 15 0 275048472802313
BOT 15 15 212798604974296
BOT 15 15 123954712363919
BOT 15 15 134325462389352
BOT 15 0 211260718888875
BOT 0 0 57613004292207
BOT 0 0 141906485720830
BOT 0 0 138112800497436
BOT 0 15 13012362509949
BOT 15 0 190832153542599
BOT 15 15 11354770324572
BOT 15 15 14454598136184
BOT 15 15 188018286072742
BOT 0 0 106856768688568
BOT 15 0 17875719639007
BOT 15 0 274876518820948
BOT 15 15 112785515716802
BOT 15 0 58296915485973
BOT 0 15 89293892036392
BOT 0 15 226888389949643
BOT 15 0 152826586281594
BOT 15 15 270385153981893
BOT 0 0 21873560085597
BOT 0 0 3964494563194
BOT 0 15 249500894971374
BOT 15 15 213139059952069
BOT 15 0 279197398709051
BOT 0 0 176499760589184
BOT 15 0 72853341748640
BOT 0 15 201752083894934
BOT 15 0 22845283021310
BOT 15 15 118838560924715
BOT 0 0 189250092366437
BOT 0 0 133628394889090
BOT 15 15 215158156320325
BOT 0 0 165758708032060
BOT 0 15 77494906115324
BOT 0 0 181607100748240
BOT 15 15 3987661822374
BOT 15 15 38864840208167
BOT 15 0 276066851140232
BOT 0 0 67738466443301
BOT 15 0 113179729901676
BOT 0 0 82396551030646
BOT 0 15 64447025027308
BOT 15 0 242730185545709
BOT 15 15 123177089394919
BOT 15 15 21332922519505
BOT 0 0 102200479556872
BOT 0 0 24488931672075
BOT 15 0 265747751446841
BOT 0 0 22959065588970
BOT 15 15 216893480738576
BOT 0 15 151977749573479
BOT 0 15 181307671056105
BOT 15 0 172926397871188
BOT 0 15 243870985617400
BOT 15 0 75396823056035
BOT 0 15 249764769424540
BOT 15 15 182047063091973
BOT 0 0 89092842300301
BOT 0 0 280834283732873
BOT 0 0 77770575456594
BOT 0 0 23714389793440
BOT 0 0 248812210257309
BOT 0 15 116713086425644
BOT 0 15 262204725136597
BOT 15 15 243438538747629
BOT 0 0 177483111038449
BOT 0 0 52493835398226
BOT 15 0 201181078266347
BOT 0 15 87641895188810
BOT 0 15 227299655547657
BOT 0 15 147284466095846
BOT 15 15 258854153984097
BOT 0 15 59830696736735
BOT 0 0 19773457419180
BOT 0 0 134817916092443
BOT 0 0 9227660298202
BOT 15 15 249854581838913
BOT 0 0 107421207001013
BOT 0 15 224278816842234
BOT 0 0 6287055000723
BOT 0 0 82126156215499
BOT 0 15 169309776717957
BOT 0 0 19923182511103
BOT 15 15 132081153244274
BOT 0 0 26900584221128
BOT 15 0 81533635103917
BOT 0 0 224347355535284
BOT 15 0 196108408663147
BOT 15 15 64864496009670
BOT 15 0 42217401685062
BOT 15 15 252596251317119
BOT 0 15 208535874772738
BOT 15 0 107294209126669
BOT 15 0 51856173259701
BOT 15 0 115569760503963
BOT 15 15 151387279059251
BOT 0 15 221040286480576
BOT 0 15 65802007322167
BOT 0 0 153690244053741
BOT 15 15 79934253114327
BOT 15 15 105119593627036
BOT 0 0 278140679042885
BOT 15 15 96065823374743
BOT 15 15 100923207612262
BOT 15 0 280115043544534
BOT 15 15 109873210950530
BOT 0 0 47661551132021
BOT 15 0 86582087575387
BOT 15 0 84249986430869
BOT 0 0 253606886025794
BOT 0 15 218243673053610
BOT 0 0 279697325973594
BOT 15 0 17408494590664
BOT 0 0 15531773741036
BOT 0 0 151760695946088
BOT 0 0 113681692099735
BOT 15 15 189067163422786
BOT 0 0 56942780858691
BOT 0 0 33065092398266
BOT 15 15 118809826112589
BOT 15 15 228938200385852
BOT 0 0 49962952727679
BOT 15 0 278983034284782
BOT 0 15 271079522379842
BOT 0 15 158563347070039
BOT 0 0 22501551804280
BOT 0 15 240093591826350
BOT 15 0 95764354808054
BOT 0 15 230995342512306
BOT 15 0 100574009955425
BOT 0 15 53061647538255
BOT 15 0 168066489243655
BOT 0 15 262362234899311
BOT 0 0 12613938205351
BOT 0 0 147957207236496
BOT 0 0 198180704879531
BOT 0 15 55324895116558
BOT 15 15 143403324765091
BOT 0 0 57675134403288
BOT 15 15 264264203818231
BOT 15 0 221777042770239
BOT 0 15 207748377044219
BOT 0 0 163887788172326
BOT 0 0 1083687237667
BOT 0 0 237757826251386
BOT 0 0 58917329066985
BOT 0 15 182419405109026
BOT 15 15 168035411941170
BOT 15 15 257545049405494
BOT 15 0 25793545716195
BOT 0 0 120044984710263
BOT 0 15 167843748491209
BOT 0 0 280577752826620
BOT 15 15 140319007129115
BOT 0 0 67068190327295
BOT 0 0 4728856203631
BOT 0 0 8813281742228
BOT 15 15 280637870617687
BOT 15 0 237297694328537
BOT 0 15 246580106491151
BOT 15 0 84429275679139
BOT 0 0 193214481967889
BOT 15 0 18280714193053
BOT 15 0 40800982871812
BOT 0 15 259970293012271
BOT 0 15 115019114204019
BOT 15 15 99187962127518
BOT 15 15 179634035585039
BOT 0 0 233007252435935
BOT 0 15 32753998355072
BOT 0 15 259405620856960
BOT 0 0 135010291971117
BOT 15 15 69811592029410
BOT 0 15 84742729455519
BOT 15 15 45180678413816
BOT 15 0 164009136680721
BOT 15 0 176967758326898
BOT 15 0 161988830006106
BOT 15 0 245994124191852
BOT 0 15 79003016296531
BOT 15 0 167859343463368
BOT 15 0 118130232113657
BOT 15 0 55418184321536
BOT 0 0 171726169017752
BOT 15 15 86074998613244
BOT 15 0 157324965046888
BOT 15 15 190703769425098
BOT 0 0 122239594581892
BOT 15 15 7842452883155
BOT 0 15 276391753130730
BOT 15 0 256787558147111
BOT 15 0 98300197887705
BOT 0 0 135987974179675
BOT 0 0 65798170723128
BOT 0 0 50673565705804
BOT 15 15 139327619749887
BOT 15 15 105942361960323
BOT 15 15 30621647462557
BOT 0 15 154730577970425
BOT 0 15 216533797736614
BOT 0 0 12627981661024
BOT 15 0 273752797781641
BOT 15 15 181148037148599
BOT 0 15 212053873365573
BOT 0 0 58424758765078
BOT 15 0 39358142095261
BOT 15 0 161848864009935
BOT 15 15 419174816944
BOT 15 15 158160162015847
BOT 0 15 271592228547322
BOT 15 0 96212652728847
BOT 0 15 14638805132098
BOT 15 15 37273174273919
BOT 15 15 175296072040297
BOT 0 15 35199237821590
BOT 15 15 40788898605746
BOT 15 0 23580987401005
BOT 0 0 80657201715586
BOT 0 15 21544090360775
BOT 15 15 78861157705544
BOT 15 0 105840768523847
BOT 15 0 10541966813571
BOT 15 15 100832913960788
BOT 0 15 23677483035185
BOT 0 15 177570867462497
BOT 0 15 247561051463326
BOT 15 15 119950241429617
BOT 0 15 200224473353925
BOT 0 15 196078515993519
BOT 15 15 3357653884593
BOT 0 15 79124426980484
BOT 0 15 32351885844335
BOT 0 15 75028894067904
BOT 15 0 229200890639308
BOT 0 15 61318968974749
BOT 0 0 19046664764414
BOT 15 0 41762849024663
BOT 15 15 264797740995405
BOT 0 15 267825240256633
BOT 15 0 278433489474746
BOT 15 15 54180867878791
BOT 0 0 102975238503301
BOT 0 15 202698289408559
BOT 0 0 39812221113172
BOT 0 15 207756279624407
BOT 15 15 119731205083738
BOT 0 0 169650601537308
BOT 0 0 107551984837909
BOT 0 0 226772312865282
BOT 0 15 209141935234544
BOT 15 15 135746375713889
BOT 15 15 17937052022569
BOT 15 0 19999885626341
BOT 0 15 66957403890369
BOT 15 0 177132130349634
BOT 0 15 24196701301032
BOT 15 15 35225840878719
BOT 0 15 139717670853872
BOT 0 0 37393283281465
BOT 15 0 243909573375697
BOT 0 0 121545869129610
BOT 15 15 257135901719548
BOT 15 15 269156530295095
BOT 0 0 43166948035530
BOT 0 0 59936965721558
BOT 0 15 87687884702885
BOT 15 15 9173728221521
BOT 15 0 188427828073590
BOT 0 15 52909068567203
BOT 0 15 164129156844428
BOT 15 15 102617435530226
BOT 0 0 103633518615417
BOT 0 0 111920871352402
BOT 0 0 104098705058050
BOT 15 15 152957209650675
BOT 0 15 219905908409075
BOT 0 0 31051399905548
BOT 15 0 243219120348174
BOT 15 15 57668769430675
BOT 0 0 161801373933412
BOT 0 0 173435335483733
BOT 15 15 31745150785864
BOT 15 15 181799667633998
BOT 15 15 154346842059529
BOT 0 15 273686587905828
BOT 0 0 261133611474187
BOT 0 15 136122321638231
BOT 15 0 127827382667997
BOT 0 15 66064943420852
BOT 15 15 236602999796812
BOT 0 0 139255349264372
BOT 0 15 59248745657594
BOT 0 0 3323842122840
BOT 15 15 210264470052965
BOT 15 0 200266003923433
BOT 15 0 233907948748204
BOT 0 15 240196930271241
BOT 0 15 41226674206811
BOT 15 0 54576106910690
BOT 15 0 75596783030670
BOT 0 15 141414552755716
BOT 0 0 154447872394595
BOT 0 15 237114928310827
BOT 0 0 130124266000074
BOT 15 15 271254954135779
BOT 15 0 128370326302709
BOT 15 15 9337395544856
BOT 15 0 94460847702427
BOT 15 15 52236928807564
BOT 0 15 106040783112364
BOT 0 15 229529099942946
BOT 0 0 71488394219644
BOT 0 0 151642190867675
BOT 0 0 193892960951800
BOT 0 0 82633384800301
BOT 15 0 258228723081546
BOT 0 0 88863752158442
BOT 0 15 13554129619412
BOT 0 15 206333204316858
BOT 15 15 100381856399673
BOT 0 15 275785211108717
BOT 0 15 245092301380269
BOT 0 15 23071438786839
BOT 0 15 250283792120934
BOT 15 0 203979042800721
BOT 15 15 61095587129825
BOT 15 15 107879598118494
BOT 0 15 280491287755238
BOT 0 15 202120165471161
BOT 0 0 68449334262006
BOT 15 15 59752643380298
BOT 15 15 184858200457880
BOT 0 0 202986284670712
BOT 15 0 252443937534478
BOT 0 15 222504053136269
BOT 0 0 209532448304403
BOT 15 0 252672724543236
BOT 15 0 62228368865855
BOT 15 0 75314202555546
BOT 15 0 136777371614124
BOT 15 15 269896080221756
BOT 0 15 80754052545532
BOT 15 0 34906177601766
BOT 15 0 119478899247759
BOT 0 0 97458252834886
BOT 15 15 255452834803002
BOT 15 15 61466331954885
BOT 15 0 137583158304316
BOT 15 15 4792461910463
BOT 15 0 233457681231188
BOT 15 0 35250633996628
BOT 0 15 213231558984257
BOT 15 15 121760067775383
BOT 15 0 82485326318450
BOT 0 0 175849168634393
BOT 0 15 164633857658332
BOT 0 0 45625269800089
BOT 15 0 9946009114445
BOT 15 0 123342556862745
BOT 0 15 137254615381349
BOT 0 0 62275983183896
BOT 0 0 3362567054857
BOT 15 15 246085637844683
BOT 15 0 268860612192100
BOT 15 15 271264505839611
BOT 0 15 200712254933697
BOT 15 15 170780879476365
BOT 15 15 157983702064794
BOT 0 15 197002409960048
BOT 15 0 131844464859571
BOT 0 0 165242061839504
BOT 0 15 33227178850679
BOT 15 15 127778753245180
BOT 0 15 74899114189341
BOT 15 0 124307658145988
BOT 0 15 95104786472669
BOT 15 0 176082763958744
BOT 15 15 159122641128170
BOT 0 15 85014781702022
BOT 15 15 13177435986989
BOT 0 15 132745544021460
BOT 0 15 13030586851027
BOT 15 15 189065554294024
BOT 15 0 130373823122542
BOT 0 15 48381258305285
BOT 15 0 136465695981138
BOT 0 0 189705604944652
BOT 15 0 104598474887547
BOT 15 15 47177926292286
BOT 15 0 19716335459514
BOT 0 0 50998465635447
BOT 15 0 142089524468417
BOT 15 15 74172107971376
BOT 15 15 20939407697624
BOT 15 0 144003222281620
BOT 0 15 76669572086822
BOT 0 0 190459170619146
BOT 15 0 14748209759052
BOT 0 0 227813313093058
BOT 15 15 138575686732758
BOT 15 0 185441743770200
BOT 0 15 182358439306380
BOT 0 15 3005667300210
BOT 15 15 101831985532697
BOT 15 15 106090969160077
BOT 0 0 214241718825428
BOT 0 0 224318850753272
BOT 0 0 107602160913468
BOT 15 0 276976623916883
BOT 0 15 206261645132619
BOT 0 15 29110745501515
BOT 0 15 155242498696707
BOT 0 15 61753201111447
BOT 15 0 89708516344709
BOT 15 15 77382916301728
BOT 15 0 170324172282035
BOT 0 15 92727715457671
BOT 15 15 227824785468315
BOT 0 15 82230486152105
BOT 0 0 155090345724436
BOT 0 15 90477348990149
BOT 0 15 106359802222052
BOT 15 0 37454306602912
BOT 15 0 79127960986865
BOT 15 15 208858134203432
BOT 0 15 6567445360995
BOT 15 0 157696767424962
BOT 15 15 123908794480485
BOT 15 0 278920058738222
BOT 0 0 213063104878126
BOT 15 0 234089010409303
BOT 15 0 299825735978
BOT 15 15 191099902981762
BOT 0 0 174310605227989
BOT 15 15 7892974686301
BOT 15 15 266013674110014
BOT 15 15 50702756072949
BOT 15 15 176752442721551
BOT 15 15 113043053953908
BOT 15 0 276982170323228
BOT 15 15 194051870942074
BOT 0 15 132771397302018
BOT 0 0 204517228435099
BOT 0 0 179084064730115
BOT 0 0 99168490950403
BOT 15 15 158845648320461
BOT 0 15 197285180105018
BOT 15 15 197122730679779
BOT 15 0 33156011090102
BOT 15 15 252407339893821
BOT 15 0 125720602295985
BOT 0 0 253261670937809
BOT 15 15 212982951325285
BOT 0 0 174543220565227
BOT 0 0 108318118708420
BOT 0 15 24296679541186
BOT 15 15 54216375224947
BOT 0 0 138108018796685
BOT 15 0 79321743013045
BOT 0 15 244041828902139
BOT 15 15 220369294163200
BOT 15 0 127675096889310
BOT 0 15 183991882942303
BOT 15 15 211489808783772
BOT 0 15 235778562415519
BOT 0 15 15163041797988
BOT 0 0 179758523353886
BOT 15 15 272412368450316
BOT 15 0 1917716857873
BOT 0 15 38276562598069
BOT 15 15 140586190025531
BOT 0 0 107631463487919
BOT 0 0 243211538497783
BOT 15 0 195760188372270
BOT 15 15 163292973746578
BOT 0 15 81714155347614
BOT 0 0 181552023962696
BOT 0 15 232900068514979
BOT 0 15 70655137530200
BOT 0 15 155006154804847
BOT 15 0 62571606286768
BOT 0 0 25148291883006
BOT 15 15 263765351060660
BOT 15 0 229858869259536
BOT 15 0 240777425858986
BOT 0 15 38928432825443
BOT 15 0 151354915633270
BOT 15 15 46032703476186
BOT 0 0 146197189538314
BOT 0 0 225639583905889
BOT 15 15 46487815203939
BOT 0 15 266831545005683
BOT 15 15 50163622189984
BOT 0 0 114775197198082
BOT 0 0 172069862517361
BOT 0 15 17629264606875
BOT 0 15 84224760886495
BOT 0 0 112174893751055
BOT 15 0 20884432412170
BOT 0 15 263016511473308
BOT 0 0 113881337250504
BOT 15 0 43003599477932
BOT 15 15 271075323705019
BOT 15 15 265323074502171
BOT 15 15 107096570911722
BOT 0 15 261478486363452
BOT 0 0 24331407323467
BOT 15 15 215553597675069
BOT 15 0 219392600094264
BOT 0 15 102602404336985
BOT 15 15 162074658813969
BOT 0 15 111951048345183
BOT 0 0 151682574790325
BOT 0 0 5618616912779
BOT 15 15 43313803382419
BOT 15 15 64912699645063
BOT 15 0 143574309392502
BOT 15 0 182171741552329
BOT 0 0 165679528399367
BOT 0 0 161045919493979
BOT 15 0 253387245068251
BOT 0 15 230054986679424
BOT 15 0 14063842302543
BOT 0 0 242732102732162
BOT 0 15 11487162277390
BOT 0 15 249755094802533
BOT 0 0 272655651019584
BOT 0 0 195820635827349
BOT 0 0 195749324856140
BOT 0 15 279468455873165
BOT 0 0 244814205682080
BOT 0 0 56021507908204
BOT 0 0 265130252152032
BOT 0 0 35832613736318
BOT 0 0 84205179330251
BOT 0 15 134888809972450
BOT 15 0 79543653019872
BOT 15 0 273778668586953
BOT 15 15 52746282978607
BOT 15 15 268921509401846
BOT 0 15 26458421975851
BOT 0 0 267961856970222
BOT 15 15 160653228529301
BOT 15 0 243713720756719
BOT 15 15 176295032130293
BOT 0 0 89086756916736
BOT 0 15 55517299048105
BOT 0 0 93794128379103
BOT 15 15 97432297739501
BOT 0 15 204449029001075
BOT 0 0 183810695888508
BOT 0 0 154306959935123
BOT 0 0 151680873633895
BOT 15 0 38993406172793
BOT 15 0 1818930211193
BOT 0 15 189956643924234
BOT 0 0 3834812680713
BOT 15 0 13558149377002
BOT 15 0 176988500763838
BOT 0 0 14959720211591
BOT 0 0 279458303902372
BOT 0 0 144488256150884
BOT 0 0 114984522818971
BOT 15 0 257605593024002
BOT 0 0 173324430123964
BOT 15 15 65039829133320
BOT 15 15 39119940504518
BOT 15 0 95280498768030
BOT 15 15 235085870605695
BOT 15 15 68454441037248
BOT 0 0 132532715468384
BOT 0 15 222156996410841
BOT 0 0 178544324635649
BOT 0 0 102000577686349
BOT 15 15 89946529814941
BOT 0 0 7235107343019
BOT 0 15 192337311684097
BOT 0 15 60680856464594
BOT 0 0 242962280260191
BOT 0 15 85360112512033
BOT 15 0 191957889409738
BOT 15 0 195369359500888
BOT 15 0 218983434653731
BOT 0 15 75957728444083
BOT 0 15 178273943844579
BOT 15 15 1070270329901
BOT 15 15 166863150088867
BOT 0 15 118997330367681
BOT 15 0 176576649176876
BOT 15 15 59009968761419
BOT 15 15 205684169062837
BOT 15 0 242554111458524
BOT 0 0 53781820967733
BOT 0 0 115635722554977
BOT 15 0 161081187695854
BOT 15 15 258329934715434
BOT 15 15 182676398868665
BOT 15 15 200551071099264
BOT 15 0 33263592637592
BOT 15 15 35668626611695
BOT 0 0 180984995010147
BOT 15 15 281414366073258
BOT 0 0 202367474628375
BOT 0 0 188124442683105
BOT 0 0 76696631209828
BOT 0 0 74203873924365
BOT 0 15 78122012318100
BOT 15 15 24774749194196
BOT 15 0 256272531789343
BOT 0 15 150112781065335
BOT 0 0 186388775093199
BOT 15 0 221779549797172
BOT 0 15 234916052070856
BOT 0 0 131781776552540
BOT 15 15 174343233068370
BOT 15 15 278457410334458
BOT 0 15 228868712120841
BOT 15 15 233449130803689
BOT 0 15 224942324290438
BOT 0 15 34696755134116
BOT 15 15 245945880376618
BOT 0 0 222792842189027
BOT 15 0 208777700550964
BOT 15 0 14944512237585
BOT 0 15 77756282204018
BOT 0 15 117194928078093
BOT 0 15 198244685867988
BOT 15 15 268820121418825
BOT 15 15 247538859325191
BOT 0 0 66161376431828
BOT 0 15 248417530443671
BOT 15 0 56715824881311
BOT 15 0 73182925543808
BOT 15 0 9607191827680
BOT 0 0 228553745157671
BOT 0 0 35720579004913
BOT 0 0 208696264846806
BOT 15 15 209153435748489
BOT 15 0 216713004168550
BOT 0 15 131863309682985
BOT 15 15 60297117655658
BOT 15 0 193169560001312
BOT 0 15 57908821703953
BOT 0 15 227275542006736
BOT 0 0 242001480454705
BOT 15 0 100573459274338
BOT 15 15 273589984810608
BOT 0 15 4211318852448
BOT 0 0 208580190205576
BOT 0 0 208523236599293
BOT 15 0 209672259715125
BOT 0 0 7121427337278
BOT 15 15 47469009124346
BOT 0 0 252086197048699
BOT 0 15 277609778005398
BOT 0 15 233407812036642
BOT 15 15 4773852175485
BOT 15 15 191751785561557
BOT 15 15 110029894158449
BOT 0 0 101885983663275
BOT 0 15 98431009802937
BOT 0 0 151531000953423
BOT 0 0 224332759628093
BOT 15 0 54991110504886
BOT 0 15 133130059830661
BOT 15 0 186734144374251
BOT 15 15 155277795882881
BOT 0 15 74989784520548
BOT 0 0 164017836492525
BOT 0 0 30921560113432
BOT 0 15 99158157777375
BOT 15 15 196779634115010
BOT 0 15 258706905371487
BOT 15 15 15199533862280
BOT 0 0 83281115098681
BOT 0 0 6742779489803
BOT 15 15 104416346064469
BOT 15 0 48016925934527
BOT 0 15 106842842697634
BOT 15 0 81874127611910
BOT 0 15 238352906386971
BOT 15 0 27902413692534
BOT 15 0 205158672455812
BOT 15 0 85150074233906
BOT 0 0 176839245951206
BOT 15 0 166180400604544
BOT 0 0 86542097190168
BOT 15 15 25157886698615
BOT 15 0 23041449160626
BOT 15 15 104203143134410
BOT 15 15 22608223699365
BOT 15 0 125848724245149
BOT 15 15 77375763871875
BOT 15 0 152470614805878
BOT 15 0 15007482471297
BOT 0 0 70464150780877
BOT 0 0 22608427058395
BOT 15 15 234792181933762
BOT 0 0 96625347541290
BOT 15 15 230375539292380
BOT 15 15 99516246387090
BOT 0 0 279547353329451
BOT 0 0 167686913657794
BOT 15 15 76371978340427
BOT 0 0 212050331294311
BOT 0 15 188649752192031
BOT 0 0 182633191669015
BOT 0 15 266054067251372
BOT 15 0 255911864217689
BOT 15 15 85312158863725
BOT 0 15 73287195279829
BOT 15 15 57718156453319
BOT 0 0 15957022355486
BOT 0 15 60397567878100
BOT 0 0 58082618326136
BOT 0 0 140318425050446
BOT 15 15 86858446145847
BOT 0 15 33400560673285
BOT 15 0 66200340692820
BOT 15 15 57307455314685
BOT 15 0 43387082782341
BOT 15 15 68515827292320
BOT 15 0 83877685804006
BOT 15 0 45986210526415
BOT 15 0 28363429698509
BOT 0 15 167584129958760
BOT 15 0 149511544378021
BOT 0 0 174426709657427
BOT 0 15 245141935003647
BOT 15 15 147805224753544
BOT 15 15 166913006522436
BOT 0 0 36495508847506
BOT 0 0 115060612214532
BOT 0 0 158531185184247
BOT 15 0 137242241147272
BOT 0 0 106814834291121
BOT 15 0 100483596394112
BOT 15 15 141559997504580
BOT 15 15 254066617571466
BOT 0 15 35435038727460
BOT 0 15 168781680608260
BOT 0 15 265968700995693
BOT 0 15 195206381689222
BOT 0 0 241781959497285
BOT 15 0 181474938412646
BOT 0 15 193473090098642
BOT 15 15 110052856687628
BOT 0 0 242758778140895
BOT 15 15 44816214073509
BOT 0 0 256006888041420
BOT 15 15 272195459657843
BOT 0 0 134392768920044
BOT 15 15 123197287319701
BOT 15 15 185907845004758
BOT 0 0 97223589984864
BOT 15 15 219206091198028
BOT 0 0 167633722471540
BOT 15 15 227942000560912
BOT 0 15 180075035401526
BOT 15 0 120524441975934
BOT 0 15 48669895271169
BOT 0 0 234044168894566
BOT 15 0 277941037725752
BOT 0 0 42182402954255
BOT 0 0 230073068014174
BOT 0 0 6073092519904
BOT 0 0 240832327659470
BOT 0 0 65231369374607
BOT 0 0 98375510536486
BOT 15 15 35372631941759
BOT 15 15 17508101082444
BOT 15 0 221532478940520
BOT 15 0 177332719816288
BOT 15 15 111216205686912
BOT 15 0 17650755932992
BOT 0 0 29857269951347
BOT 0 0 39692031087556
BOT 0 0 237472251181636
BOT 15 0 256773025537805
BOT 0 15 33223484389781
BOT 0 15 46373726499105
BOT 0 15 228906495592477
BOT 0 0 66754274298743
BOT 0 15 274623297547857
BOT 15 0 168722702460208
BOT 15 15 153440216249114
BOT 0 0 9310258102463
BOT 0 15 54891920878093
BOT 0 0 90246112791337
BOT 0 0 47642234897209
BOT 15 0 62912663791909
BOT 15 15 44381300734257
BOT 0 0 137745148586785
BOT 0 15 61555932429658
BOT 0 0 3399879262106
BOT 15 0 279418536308856
BOT 0 0 248805845802716
BOT 15 15 66783074727432
BOT 15 15 208577852899422
BOT 0 0 101779253951473
BOT 15 0 251869972447087
BOT 0 15 174454199811895
BOT 15 0 163680818311542
BOT 15 15 171415143348720
BOT 15 15 136579906592504
BOT 0 0 217919091011940
BOT 15 0 147728988967607
BOT 15 0 47576407148649
BOT 15 0 138697641284804
BOT 15 15 6979270494186
BOT 15 0 172885820385549
BOT 15 0 128826866937327
BOT 15 0 66247206507870
BOT 15 15 76661326828234
BOT 15 0 232137712407338
BOT 0 0 161329853283146
BOT 15 15 265951995839227
BOT 0 0 226920449800306
BOT 0 0 31121234560206
BOT 15 0 22258302151893
BOT 15 15 137085712787992
BOT 15 0 54476606792964
BOT 15 0 225177544389539
BOT 0 0 200348118710406
BOT 0 15 275099032256925
BOT 15 15 51108634184837
BOT 0 15 239130117810543
BOT 0 0 153780954847647
BOT 0 15 19473146403124
BOT 0 15 51384631701909
BOT 15 15 138839979876387
BOT 0 15 177120294314606
BOT 15 0 236655975918696
BOT 15 0 133086066896707
BOT 15 15 281352560900801
BOT 0 15 238604578680447
BOT 0 15 82208577451498
BOT 0 0 58085667995733
BOT 0 0 27971552541528
BOT 0 15 17477856365484
BOT 15 0 248316083365182
BOT 15 0 96863012209205
BOT 15 0 109790733542986
BOT 15 0 192221432240065
BOT 0 15 242328730051730
BOT 15 15 113376143777765
BOT 15 15 131386175340411
BOT 0 0 114638478788981
BOT 0 15 78714532816473
BOT 0 15 220654494342793
BOT 15 0 48914806926094
BOT 0 15 231421026365783
BOT 15 15 163303903342147
BOT 0 0 247942725632010
BOT 15 15 190749259093961
BOT 15 15 97289798875705
BOT 0 0 112089282960821
BOT 15 0 213772745712886
BOT 15 0 11567657725598
BOT 15 0 260160682441374
BOT 15 0 125878614503504
BOT 15 0 14106211588621
BOT 15 15 77290609511536
BOT 15 0 113870978333945
BOT 0 0 95057609260709
BOT 15 0 122450680414491
BOT 15 0 136017939132961
BOT 15 15 223283353428302
BOT 15 15 21202889588081
BOT 15 0 161072164991714
BOT 0 0 162303772298221
BOT 15 15 247715238140771
BOT 15 15 179694978417540
BOT 15 0 237253324814880
BOT 0 15 957359075654
BOT 0 0 194156123490665
BOT 15 15 220328981889412
BOT 0 15 225006684909476
BOT 0 0 72301924654080
BOT 15 0 105767537797400
BOT 15 0 264741085374339
BOT 0 0 195584395077618
BOT 15 0 260534553089151
BOT 0 0 219023514658971
BOT 0 15 152976875876377
BOT 15 15 154014681968357
BOT 0 0 11830996597018
BOT 15 0 178435137099425
BOT 15 0 123585372725252
BOT 0 15 146117059548620
BOT 15 15 272944815599205
BOT 0 0 91244945045935
BOT 15 0 227618474492541
BOT 15 0 155504134807404
BOT 0 0 200623926510454
BOT 15 15 139840303456532
BOT 0 15 40408993775530
BOT 0 15 250889178314817
BOT 15 0 197599411144982
BOT 0 0 197002501243168
BOT 0 15 79649736585300
BOT 0 0 47179072067928
BOT 0 0 162823979899298
BOT 15 0 140990019920490
BOT 0 15 249284920197937
BOT 0 15 212830942741168
BOT 15 15 129716009157218
BOT 0 15 2078243836504
BOT 0 15 165552032862436
BOT 0 15 224086145764838
BOT 0 15 98681073256167
BOT 0 0 67173875347636
BOT 0 15 131825214549918
BOT 15 15 148812106089948
BOT 15 15 59426218780309
BOT 15 0 20653498965476
BOT 0 15 234180424948113
BOT 0 15 188368222618407
BOT 15 0 144033688377590
BOT 0 15 123795725974276
BOT 15 15 24921167740682
BOT 15 0 258003163421263
BOT 15 0 65366470254297
BOT 0 15 248151220783691
BOT 15 15 82789397581343
BOT 15 0 166906066863477
BOT 15 0 280176258345524
BOT 15 0 276882508413141
BOT 15 15 97451561434127
BOT 0 15 276364899705315
BOT 15 15 1069835740725
BOT 15 15 256748530166648
BOT 0 15 172016872238579
BOT 0 0 3278047346918
BOT 0 0 10108814791278
BOT 0 15 238449877259638
BOT 0 0 79659907153492
BOT 15 0 81162658436792
BOT 15 0 204319790841031
BOT 15 15 53109535265287
BOT 15 15 30712192720318
BOT 0 15 50936288740379
BOT 15 15 85617786837117
BOT 15 15 106381553722034
BOT 15 15 111085222946922
BOT 15 15 11967261268136
BOT 0 0 51063601735995
BOT 0 15 279908475712915
BOT 0 0 164180543749239
BOT 15 15 154954384233396
BOT 0 0 220078863960162
BOT 15 15 96718114143011
BOT 15 0 16106045657316
BOT 0 0 270432918860835
BOT 0 0 38761441031154
BOT 15 15 117478742523312
BOT 0 0 120692488630605
BOT 15 15 65534443214813
BOT 0 15 90109690452053
BOT 15 0 128416606219080
BOT 15 15 198046116001088
BOT 15 15 100299101586450
BOT 15 15 47004213831127
BOT 0 15 178304032328421
BOT 15 0 215086105420013
BOT 15 15 46166185208358
BOT 15 15 179697904267426
BOT 0 0 62897994994686
BOT 15 0 94035443717382
BOT 15 15 4684601736942
BOT 0 0 239381614865142
BOT 0 0 33375727513129
BOT 15 0 243257437232708
BOT 15 15 112924222646448
BOT 15 0 39331216428725
BOT 15 15 16378731022885
BOT 0 15 146286591467910
BOT 15 15 265633069591371
BOT 15 0 207556348483815
BOT 0 0 187285744173520
BOT 0 15 14778689358591
BOT 15 15 180546070164511
BOT 0 15 118528211881412
BOT 0 15 236124866840765
BOT 15 15 231885193014473
BOT 15 0 81317206368911
BOT 0 0 94868094794020
BOT 0 0 169582155622479
BOT 0 15 119878998168187
BOT 15 0 160174171658387
BOT 0 0 250255332359903
BOT 15 0 92790964730397
BOT 15 15 267253883170078
BOT 15 15 172383642165699
BOT 0 0 245862153139891
BOT 15 0 116306278837554
BOT 0 0 159931377085981
BOT 15 0 192131213403785
BOT 0 15 224260880203205
BOT 15 0 64967849355178
BOT 15 15 104652066486791
BOT 15 0 176366182465844
BOT 15 15 111466979844593
BOT 0 15 14665948407171
BOT 0 0 91555719941190
BOT 15 0 265077417078584
BOT 0 0 158627961443842
BOT 0 0 240098446182775
BOT 15 15 36421745399218
BOT 15 15 277716566616202
BOT 15 0 155271420667258
BOT 0 15 121761257328075
BOT 15 0 8459486409824
BOT 15 15 54764027972487
BOT 15 0 203724179078203
BOT 0 15 50403715225447
BOT 0 0 218399743645117
BOT 15 15 49479787257846
BOT 15 15 167642741644786
BOT 15 15 24399748284086
BOT 0 0 215759690893637
BOT 0 0 187905626111041
BOT 0 15 107506234624652
BOT 15 0 11496860827668
BOT 0 15 168566117722440
BOT 0 0 12780466787566
BOT 0 0 106771915553007
BOT 15 0 223224372638978
BOT 15 0 110195846692612
BOT 15 0 163936473066876
BOT 15 0 93519820214789
BOT 15 0 250639400500288
BOT 15 15 49611649074394
BOT 0 15 118873249259478
BOT 15 15 28394340859752
BOT 15 15 268341011000
BOT 15 0 197971556351502
BOT 15 15 265566073847986
BOT 0 15 76917106527714
BOT 0 0 19311088163882
BOT 15 15 7977749799839
BOT 15 0 240298474077927
BOT 15 0 265314855730701
BOT 15 0 89736811814261
BOT 15 0 68680025409794
BOT 15 15 217746694425918
BOT 0 0 75965814810864
BOT 0 15 147689288828026
BOT 15 0 261294315062827
BOT 0 0 209144266778008
BOT 15 15 8016500017201
BOT 15 15 2588940215880
BOT 0 15 46433691801081
BOT 15 15 67245984482719
BOT 15 0 79927479216571
BOT 0 0 253834351657419
BOT 15 0 249402995889368
BOT 0 15 247660751948572
BOT 0 0 29906148962052
BOT 0 15 178116841264255
BOT 15 0 167692659279347
BOT 15 0 280811492093339
