22 202089762871488
22 13522192070165
22 152846345283363
22 273331460199218
22 39837322346510
22 274629997726339
22 238500830482722
22 139588106705877
22 143826285775237
22 75248531483374
22 34669058121831
22 244867563843124
22 244584517567168
22 194533582868887
22 107988178452486
22 204018586424131
22 131849480882686
22 154873141567638
22 131582186582469
22 250464087776241
22 228078304095504
22 265660880002594
22 10548920352341
22 275500448337837
22 109675100930248
22 178505305525953
22 103777231295135
22 129971928468820
22 190206343527351
22 21843325204311
22 31710575601051
22 41776819049055
22 158986718105569
22 94829885763312
22 48817767620007
22 45612998612871
22 136367674982808
22 140276959084144
22 226052671792706
22 229252622139759
22 5645933467597
22 792538599304
22 58486249398422
22 192368372057597
22 130238568280090
22 13826903596340
22 77516734107921
22 227370317697939
22 165460284257734
22 135234887007906
22 123274313432002
22 274501292945359
22 224198458995557
22 190335878883524
22 215987812729201
22 168900581806925
22 21342167407782
22 99227526255782
22 101869102567356
22 11819063906454
22 184069473243173
22 606703077176
22 136670866638750
22 103262737841031
22 90247996675461
22 261035570362527
22 219127796398463
22 243787062698628
22 227010063686001
22 205354416419168
22 254881676922439
22 231495765682268
22 256711903003901
22 123110322482944
22 267326873611633
22 216184198150272
22 235184570459358
22 123385804738952
22 12886322158574
22 18505071123486
22 251412352009235
22 31182564721606
22 257513918811774
22 128425740711790
22 80395702820956
22 212798841019850
22 262183788962874
22 178510319606528
22 5220488732051
22 213494214700755
22 4497520641860
22 76309612600786
22 121339746450973
22 18608814957013
22 57224069244859
22 58339877198093
22 278177012976685
22 183082542640758
22 280516093502889
22 267498738020367
22 99582737074585
22 209640403919384
22 189071998453836
22 198752840474592
22 56552631208919
22 218038448265708
22 220408885301941
22 65501253022294
22 81557272193746
22 222885635735946
22 45409000568419
22 96720797422763
22 48604260228469
22 71648934163796
22 69267562048180
22 68836320189518
22 98453222850895
22 138578776839299
22 70854005736465
22 224871993930769
22 115260262452095
22 11749154420948
22 106199830727598
22 277964577906469
22 81012284663619
22 265381091347783
22 179466329069007
22 32417517897830
22 94666479824898
22 81590723202729
22 132333381468803
22 142556045293314
22 134781293328049
22 277089305788463
22 82250071365213
22 187344662791597
22 24725555668648
22 106100117968404
22 12327498130110
22 194988774728770
22 152797419087029
22 214649303036011
22 110370963843119
22 119791500564269
22 146529173119078
22 142301848498470
22 163645420194056
22 75030975748789
22 280410695753727
22 183021313110825
22 73265266913734
22 51547123223299
22 25325274221333
22 11162639779954
22 45242246086182
22 20895790990448
22 118087749312926
22 166138339074520
22 6256018254037
22 205026759120157
22 117800441780958
22 82729505752597
22 166552388300230
22 246997541478346
22 64637012622348
22 242835148252909
22 182941171381884
22 243712522360238
22 182925379598755
22 245588872760386
22 101083632561906
22 134332401408691
22 52970064479451
22 181612089511724
22 148587677359472
22 108419419396623
22 275519952915305
22 89084279858233
22 172894149226157
22 220678848004426
22 179371429924407
22 119042683629476
22 185832997728713
22 140638334904333
22 57995181249044
22 223183773805851
22 136779157257075
22 138528672729833
22 256450017866843
22 220680359055868
22 266793296829693
22 13363679272121
22 263304325357078
22 198295450590966
22 86823200059
22 245527583005687
22 161722924913169
22 63442299626448
22 246788233666832
22 133564681797119
22 99618572754881
22 139859451404493
22 54000342896140
22 155480255635139
22 34004681245392
22 241289270437636
22 144557072292154
22 267142694752168
22 140963443514528
22 138981460595077
22 32904123723697
22 267832907168096
22 38503826220756
22 268771931350838
22 5364006197998
22 254344544868757
22 223067741218328
22 71927223411342
22 132621481778025
22 184434232357537
22 109804302947763
22 250051919490377
22 223569596526452
22 136066986595049
22 68109139235661
22 148198326058332
22 74465683821695
22 114362151503052
22 27454591127017
22 121238516836236
22 114509186263582
22 186290309025298
22 86912378043855
22 21630634010300
22 250143551626632
22 110758401934010
22 178320616225730
22 971352302677
22 52365134339287
22 273765181906102
22 227230500100474
22 157929581483328
22 200188251695272
22 225419094814880
22 265100696327930
22 93076397946295
22 170838037181091
22 221172605699606
22 171152281887276
22 137449663938688
22 99691599999828
22 192682911770574
22 53449328318209
22 102141103719712
22 100387440050192
22 117374806258160
22 251136728452437
22 518776881478
22 178140725926483
22 215189874055280
22 89010504790827
22 209770839441461
22 54627159125441
22 61950583340061
22 78013140804403
22 240332636615678
22 35036123197019
22 43251664780092
22 101210759838659
22 198487412110827
22 235374829928816
22 281360622476233
22 117581325855144
22 136991889666594
22 82290952438302
22 197366779826694
22 279375385921396
22 63740720545486
22 183223201252473
22 145654898207194
22 152683506182711
22 158297516995371
22 243312505366456
22 16955225596295
22 8943183617169
22 183371384433073
22 8465821759934
22 228619769978293
22 205698944209764
22 38906377839505
22 279457803816634
22 49376609142588
22 254367729799593
22 97891508377113
22 59914548948389
22 87441603373263
22 13373568877549
22 153536971336062
22 56611884100653
22 30343152642160
22 78965688842601
22 139777607703075
22 17253212775092
22 146551094818416
22 248171331299303
22 104501449569069
22 74437769491145
22 198014452521285
22 14967614729964
22 257450921849805
22 106452525927192
22 197853856252569
22 278718731847148
22 113522005866034
22 153759848503704
22 255823856663371
22 17703912515540
22 36980854818374
22 179542500686240
22 78343285140112
22 151647363575996
22 45986680245150
22 219200379712667
22 270012377825776
22 141625489192650
22 229392977407595
22 246254703055299
22 262933657044459
22 70720654430340
22 10794400991562
22 142451976716944
22 179878207888279
22 222204133763064
22 217429110891283
22 8007239038356
22 36199280199898
22 150698824654532
22 264429875284799
22 150386899025231
22 148360550200303
22 191794756913355
22 96970755021051
22 60542841913893
22 124611167614870
22 115619092217776
22 155512216356611
22 172634796592454
22 171755462009759
22 246435835421598
22 114047104576803
22 221701104393533
22 118873319910162
22 232981666997992
22 180270706050808
22 164803388538655
22 72230393735352
22 121958217806796
22 68178441430490
22 221028585808857
22 46708821143235
22 169533608840367
22 63318155561921
22 77725631757803
22 159283426046380
22 281107363968882
22 222432253429233
22 83880615994359
22 235093548876088
22 138332091789244
22 116580613810688
22 84840437076593
22 197844136940241
22 259807758106657
22 209829653681217
22 19163986641650
22 12243451314335
22 50747333494302
22 30066443133256
22 161867247569555
22 107478065644914
22 31481468979196
22 111704474003254
22 178707993020703
22 96935540386135
22 109672804315391
22 206566569021065
22 87003339628255
22 235758597679391
22 194628639682627
22 132792385507604
22 209936290773775
22 23874972367192
22 115195692618205
22 33828800722214
22 151865822814794
22 12150950001709
22 24434095264072
22 128381313266256
22 240603153451898
22 24159925714602
22 194591289044483
22 29437892413642
22 47137056516473
22 209091697033447
22 76651721852460
22 48415439007751
22 26984411693415
22 277869822889226
22 51147511828298
22 239861201563192
22 41264760791672
22 205955861996411
22 122439914272758
22 191425847850915
22 161991211452628
22 123556630607209
22 1907704545895
22 252170348380757
22 172888258513756
22 123522447827600
22 216117193523786
22 136455757386063
22 49943903709124
22 268637553904692
22 219001196287581
22 251978260283613
22 207707233804595
22 277782894679517
22 38643588608103
22 204892954996907
22 19201712782528
22 23076913633919
22 12399942196916
22 80371132280145
22 147926754662885
22 248110610692904
22 280587594326528
22 18507755736080
22 142558764611513
22 185763228731233
22 78436711177536
22 16640210953892
22 43985993474629
22 95178517501520
22 209632105630055
22 182347801564174
22 220606152828226
22 257378509879281
22 128951400858289
22 223048327085935
22 257416927972039
22 95354525284507
22 94217642606068
22 129084292281798
22 172535366716443
22 162691655442256
22 164559340543893
22 90966023057573
22 177609408265318
22 100264767252245
22 1127827490998
22 133538934157961
22 257106172296365
22 55059105964751
22 96960550887117
22 183200390642219
22 259600931616027
22 45538307921408
22 78647724221910
22 38621533433385
22 28283759970162
22 162821253199793
22 235818171764823
22 153279499529677
22 241592190554048
22 207127052268825
22 25154146117566
22 187370876323733
22 114040133036019
22 236717028573025
22 169729100024456
22 140346647700543
22 213362620480598
22 76553399695855
22 145774642060406
22 128932460015390
22 155269254258002
22 224547298679071
22 163857439108240
22 231616778617913
22 109577652250149
22 223100519566388
22 12747532365831
22 138491743431197
22 25742770271959
22 174692585037216
22 195936316156688
22 100982509387934
22 6178627993046
22 261250863876782
22 152366390969183
22 182385392531858
22 32869047366788
22 240792827933028
22 96632575497073
22 93563765862806
22 247559828205924
22 166090968382147
22 103983916509624
22 46418157377255
22 16172506767510
22 14861625686780
22 263057996252199
22 256999292988607
22 109684289342707
22 44395969887993
22 2368652995565
22 211611384136114
22 192792674549216
22 217369493115397
22 8320000992587
22 163053033226771
22 24433483876258
22 267740585236018
22 117332639093554
22 203387141488200
22 32140779757483
22 71718523306172
22 29131250385752
22 60954189852499
22 196118394177582
22 35775697873346
22 213646580049724
22 123868752874138
22 89057398825027
22 75233763141816
22 160625659798047
22 35010820594825
22 18304744113854
22 207314200241155
22 40869127445634
22 194789315176344
22 145221292007083
22 154092251469546
22 62895549052360
22 279721020650632
22 255919880307293
22 133073436223611
22 48558339191193
22 39990837924429
22 230315071044523
22 136804363079368
22 137825455084366
22 98417018201631
22 46165857049062
22 186544189249384
22 121115017493980
22 248286384588532
22 280553142216941
22 239317479609950
22 74642194054936
22 157485213800510
22 185571714470838
22 261539941286696
22 53577491269564
22 194546516916889
22 66781915567006
22 254076780952608
22 175803565768630
22 102230334174293
22 275605029056232
22 138044698146722
22 190000787683336
22 229290519736413
22 138340834180879
22 268199922289395
22 3077195491562
22 135660991214370
22 260396468987781
22 272216920816987
22 211360961598766
22 255516202885388
22 124572759235354
22 168814687721732
22 216338346784004
22 198320680994403
22 165608404213814
22 18899876811800
22 265357936716393
22 86314506150263
22 91939449262732
22 69009871079340
22 157640233762658
22 103132567188154
22 243408898842331
22 266111860094732
22 99437690822609
22 110947193855479
22 108480853536604
22 165274103108492
22 207957616547001
22 10970493492388
22 139417071725561
22 207192906446155
22 100917796264220
22 154344810713807
22 127416538976940
22 216378163728552
22 48678092052002
22 212433044505616
22 55179258395867
22 56278875677069
22 115549147949488
22 176055087464051
22 160572210025106
22 254995958724299
22 66231003287142
22 272712739209117
22 180470674931823
22 103555813787584
22 29961714296827
22 220069557047158
22 111456561208484
22 168819057962694
22 272844386076471
22 164609157083502
22 44050396010563
22 281352063418355
22 9590707532551
22 43124129999075
22 153793747230391
22 53413215562688
22 59050571182855
22 61753391302164
22 67697931340718
22 91780390937291
22 65739525207915
22 2089643007445
22 202300505907466
22 185525330745789
22 216317666270614
22 193318110361769
22 213280375122090
22 76482486977246
22 89750213602779
22 168295647929932
22 5606246642846
22 5878731901736
22 233808066893945
22 172053865024518
22 201314430047742
22 172857758578454
22 216836576537971
22 54531574806465
22 237822407267337
22 204719759932790
22 243373921008945
22 270769966534231
22 121322601755141
22 114381897326545
22 72547061291669
22 158022664303477
22 123123272494241
22 209363774742265
22 246453299027974
22 89414061877594
22 220900692805582
22 82165909504734
22 186016496248951
22 70954513139771
22 278723032276320
22 158854755405840
22 225798487805274
22 141052685278029
22 27447721249638
22 5952225739334
22 20271526311540
22 166356641709382
22 168114721131399
22 275401793347122
22 86608970285242
22 29129551528141
22 88961648934450
22 215507816476097
22 20984618013908
22 241511670477159
22 108558183273983
22 53100409794987
22 160594648115071
22 155193566482376
22 28940358520726
22 158697817834629
22 13358698226035
22 146863522786720
22 96987553098344
22 63486815845007
22 278974767665723
22 146865677465538
22 122971404785118
22 93420934512393
22 220114864153585
22 226237790584448
22 166638039260273
22 264567154276117
22 213802564677812
22 8888884149078
22 48155672013826
22 189567264658137
22 226435609161157
22 252820535875180
22 18666790163058
22 206278618287599
22 122313968940735
22 279273352368521
22 194556239657398
22 213411155615148
22 250388924632817
22 275127190437446
22 163068446661952
22 127075158439657
22 33044425979545
22 21577687603415
22 262816009580150
22 239998518061974
22 150966524197581
22 164051850335649
22 115064901410802
22 57743098502468
22 108998814053128
22 165608568802426
22 201319193674528
22 39052806114557
22 236804569389393
22 34363849241706
22 181773786995142
22 105260437241410
22 261483964704396
22 245867129113047
22 167751243043984
22 235516947741288
22 204945528763534
22 258653864498025
22 139032119723016
22 175489127853465
22 16792969464251
22 237167322995952
22 105761856644021
22 281430562261185
22 226004919080659
22 163644781169175
22 93897265050208
22 68943024241369
22 226689048901321
22 7862358523607
22 91799628952470
22 235034984724710
22 179518141116253
22 155582435708375
22 111332238724923
22 168418750227738
22 271918980479389
22 103689993571784
22 110550042481297
22 64602300695642
22 102742715638343
22 215487388180690
22 6441021039249
22 163065636545619
22 265031965606251
22 94951210372698
22 99833852695582
22 32046013945234
22 43222055143499
22 228618451603709
22 196881809568036
22 203516132870611
22 277013312114628
22 170322695762891
22 220105349649632
22 264295442047056
22 184487811748034
22 281107128609640
22 66339351507035
22 280341214128430
22 48443475910842
22 105511116462275
22 159643474649667
22 90798254079804
22 104023556744590
22 25565989941225
22 111125587504789
22 58128331156112
22 2966042169270
22 37932653104732
22 262817205778441
22 38237081323933
22 211893485439905
22 197552269744205
22 179732715672709
22 50521370887195
22 275072142720119
22 209296755290140
22 247283402540660
22 41587244727580
22 151795687915942
22 252543798581516
22 228652904540217
22 113787362990943
22 272366779783158
22 186343023905402
22 223889458042160
22 31272413610817
22 152626787818472
22 83958307416251
22 179114779117305
22 179393065238659
22 259082623105396
22 8035112247286
22 970988078207
22 127810136778004
22 208973194591929
22 12198609888090
22 89625587908967
22 75475358964912
22 42458389948079
22 142366311529698
22 71970652149492
22 154790659656838
22 116863330634344
22 159933323559518
22 23653807712753
22 113725636482304
22 279953105106112
22 132797447222939
22 142483403478763
22 137121669295371
22 83187406561551
22 269758786383078
22 219086272428508
22 33502459737266
22 115784591586607
22 234439288506052
22 50479362124762
22 255399523746983
22 191870752312639
22 4971389041105
22 255231244772819
22 198070415723065
22 281451981389054
22 38048689041639
22 263960419474758
22 38440381444637
22 274257309387427
22 123719397509104
22 81601493888027
22 179423600774329
22 149562722264292
22 28310313204814
22 275193143597598
22 273323769974581
22 246094643229422
22 3913500955489
22 229347271181261
22 23651048856974
22 268538580420126
22 85754568420002
22 126437874606749
22 255996416175258
22 268131198699556
22 261673658408394
22 230465835501171
22 39699627728477
22 183564267688027
22 110581472377744
22 75509453322403
22 250578912070051
22 8865445238121
22 146783637518416
22 156910989433475
22 85342044009838
22 252815272335443
22 43695942840085
22 229080006295748
22 264657746844063
22 181280819320667
22 268910216423987
22 277785469425996
22 248612015385019
22 127203797192453
22 170371206170780
22 42167746989470
22 59469896643090
22 93431352866922
22 159707709583356
22 59778166499669
22 71902570902112
22 235838695004607
22 175107012636206
22 159564122728635
22 53663539454056
22 158347101435654
22 202461200345465
22 25086172293940
22 176796898007964
22 277237746783666
22 11653382375314
22 161064511223855
22 102856116473173
22 248390291370739
22 226428346589036
22 199758935833016
22 158179810680803
22 172945783335108
22 244391463793831
22 258984475326676
22 79691950680451
22 93940454974981
22 173265211342107
22 92645390213742
22 237794331844102
22 116715331867711
22 137962747795006
22 260650349211867
22 229868073639938
22 121927215503112
22 204995674523660
22 159193486933385
22 244922885172044
22 277020443969472
22 15313155155738
22 40688250201656
22 193917368875925
22 173479535388605
22 33696921286961
22 77554953760143
22 28491890552436
22 254157142003833
22 220064383538040
22 108331750925189
22 177824234751554
22 37762725060070
22 209340324981375
22 61405719321457
22 138515217129511
22 243534496259295
22 49047434890099
22 207060080875251
22 280265628494495
22 18715174451625
22 88707986046851
22 271577358117588
22 55919563068265
22 205036099150593
22 40271329105483
22 215986321586355
22 273475845071305
22 191657808040831
22 198321897767723
22 200434789208737
22 270990396240439
22 114272737366415
22 129911343307817
22 139161691103348
22 20637093474406
22 18236500245174
22 133574002805598
22 202207709579673
22 69487010816409
22 2812138110286
22 173738180509951
22 158132187880583
22 260977291027690
22 155226166958429
22 260732092256859
22 198844628384529
22 266325662985444
22 104652377476924
22 101717784843634
22 177452502009060
22 109238453341183
22 280136099244783
22 155491608328029
22 219759581279054
22 67928859193994
22 127475270946380
22 101524821407886
22 97405170111209
22 102554124699384
22 94584959799962
22 238896183073126
22 80917570003779
22 11912094452751
22 225005457386591
22 184864788005963
22 131201149574125
22 184216042744326
22 185109550502884
22 43116446089969
22 36906968871710
22 75279178609829
22 179182596851256
22 104337834047875
22 275136345392991
22 192154216756817
22 123993540625200
22 162307931655271
22 104165845428157
22 156498473730971
22 192103252802720
22 71885861048765
22 190520640303205
22 231975690288248
22 29778140854986
22 218932872816102
22 140832991442821
22 240544581710719
22 128436536414471
22 92213878533685
22 210529200723744
22 273697289887170
22 19008775806235
22 196069570850463
22 145775506149400
22 247726105437585
22 88696154631502
22 103115257736159
22 174140740143630
22 251111260304939
22 228725288158598
22 260971924519341
22 115794804675016
22 233825355754351
22 221442152381743
22 63308692232411
22 133772010428641
22 297282338716
22 65268148059357
22 160671890179327
22 278147442680838
22 117645924004172
22 185280152092836
22 145069170631405
22 57379637194375
22 258853219177478
22 248631253400198
22 5276160279158
22 239909420104950
22 143366214713139
22 272809970292940
22 159316882897148
22 34000101958875
22 42734685566611
22 198332333826183
22 155105381695753
22 44031434875233
22 97046328045434
22 59918882109690
22 243863016707851
22 193609361161627
22 23496199969506
22 91297572967961
22 148587754154776
22 263539480008877
22 199369573547848
22 165114347128739
22 261652848136506
22 38509042881263
22 17643407504147
22 32978360465980
22 97489167744375
22 20300517062852
22 29129107899758
22 103088969849240
22 94210341478889
22 188490915808817
22 85649335851045
22 206990973733543
22 129447313279804
22 83314572206361
22 157865800734147
22 191364447719450
22 150107417256968
22 116692290952387
22 275004866116803
22 60672186006368
22 138176813808561
22 145722446859534
22 136907529663615
22 226265186662057
22 169342797486250
22 274480753046931
22 95925636262470
22 237858151903655
22 267106042143549
22 237956811943655
22 247951386119620
22 268127134148547
22 93313101469756
22 222922073053034
22 177949430610574
22 127865945582137
22 153979129468746
22 86504951229222
22 271579002422927
22 190568441958421
22 145995422823395
22 126001786806670
22 259878320355067
22 174516724475540
22 57234124548171
22 181016131178293
22 70540061265546
22 29266223942396
22 169521264833025
22 22394012153079
22 280555043028725
22 100380412452356
22 132211202070104
22 8666084365845
22 258894177933822
22 61125295467630
22 169122097346019
22 215916870120900
22 4279857925485
22 179689291382387
22 238800244448971
22 234328275726652
22 28959821885733
22 198494667722922
22 281356641718489
22 79667118979383
22 148137371366961
22 241951361933202
22 45119875274815
22 248808217331452
22 223600200384535
22 126392666060503
22 93154953345120
22 159467489786201
22 13408289508115
22 142491984966674
22 172144983384321
22 250153713770792
22 101766397750752
22 277916460499447
22 12524100320346
22 89069793452656
22 21058228183707
22 166574421254849
22 37823835325362
22 1810672203691
22 126824274468797
22 54839765296383
22 142472699397708
22 115557876031670
22 7376368899974
22 10438443805348
22 225206220907953
22 17636896549976
22 140888758340205
22 183380482862183
22 123703781723934
22 279498625796510
22 260000016433136
22 62116457532309
22 92630014121058
22 83947473765971
22 129266267740196
22 131634698566085
22 78932510864014
22 237465086123401
22 256924048923830
22 186213284781038
22 263159713305144
22 69648049209507
22 28346691086122
22 198297066066655
22 263085105295899
22 220993726464006
22 74727521588418
22 222586346684547
22 162676578030393
22 196296515707719
22 82080395621216
22 32697739997273
22 19391619904657
22 114961980809205
22 210963490651272
22 141153205875664
22 266955513619930
22 45032301272277
22 228600363440241
22 107952286874469
22 133422526841935
22 108172747500659
22 20110603035312
22 136532569161998
22 258732612445681
22 171903165731102
22 31664024458575
22 42070674982689
22 217743170652811
22 182137515416408
22 55579643394017
22 253348047110925
22 106649525788979
22 64124978581006
22 220355237513281
22 89984006149896
22 13348686723398
22 200873014777947
22 212446150363946
22 255242121940150
22 35071241212
22 22914712336186
22 43675623206819
22 188128213363319
22 14228522727585
22 154874121711242
22 201289995339807
22 25313691836433
22 278613520804434
22 256211487700587
22 57223141803187
22 19534955613577
22 99471988763342
22 147130414751429
22 103048523868341
22 264099331216802
22 121151035536621
22 161599112998297
22 234866095279776
22 38861210432801
22 37462250924989
22 217243589178010
22 79507048780582
22 200030948751790
22 113019507359710
22 189026143840217
22 276812314820024
22 254308669040988
22 251239859406721
22 257591815972220
22 46216855980503
22 217474160180549
22 68627230531915
22 264061839410817
22 75963587306784
22 111082408277334
22 253009586936160
22 161032810257573
22 45873336961501
22 219002810668375
22 222625422615636
22 189501362550187
22 69943746804517
22 243370949087123
22 105893646121755
22 212720010262130
22 202565405314684
22 147130177916539
22 123462095884129
22 197439037987827
22 126178294192244
22 207827003525638
22 119842296877808
22 133521202488220
22 143945362229144
22 67291605144654
22 240453406679990
22 2509656269019
22 218341816526948
22 39967665154207
22 89684016444964
22 146385569603908
22 110625541314838
22 33955812208782
22 130686649423429
22 162468237228717
22 146552881791893
22 233759711142682
22 205570829567942
22 230330445367192
22 160336704404250
22 90936554389252
22 96788950935118
22 71154820340732
22 208430829831416
22 148493531948918
22 245011942152965
22 180445287001214
22 260188308673221
22 40169949884616
22 39921218837746
22 244327592018594
22 103037710991046
22 200377964749633
22 253469858347132
22 138553437013049
22 213858018744504
22 199044392736469
22 174398097598353
22 75019797834727
22 98668928285124
22 71691402983922
22 35377570059959
22 62924091308118
22 73349637766515
22 177753763041081
22 214934684358179
22 37178240799059
22 207460764103953
22 112729403709880
22 165586647955245
22 48410528279588
22 123040457689362
22 234336568872712
22 255958600118622
22 219435233219778
22 164255678850404
22 110860762092042
22 242596036671464
22 256782949083522
22 113080663080333
22 56978883541290
22 38680501827271
22 106420544671889
22 45964380906340
22 185090462532562
22 82188077731261
22 58959058394390
22 246282527517894
22 114866503129417
22 216169973753907
22 209316150828942
22 58547337209560
22 105465224918096
22 65311922381116
22 46354925726585
22 207317563010557
22 172306889681511
22 147741825115337
22 37170740352794
22 105739949393489
22 223076961649645
22 204072752793544
22 85229970541655
22 215791040058050
22 102279252851438
22 225300703136663
22 172278690157336
22 14842327195255
22 227178988471167
22 102519201845610
22 26339673834042
22 249473787315777
22 199402751097255
22 111838197100616
22 198156018112352
22 106309121292346
22 126886677771436
22 153461491621880
22 177401108257535
22 156809915232267
22 61645995004066
22 217786282447478
22 205826457833398
22 242601944576617
22 220197527404684
22 279943037297185
22 173077244675023
22 24629786393689
22 249645404708740
22 246928053560019
22 61580740059410
22 102434544968483
22 132314577781346
22 224949546265439
22 233747868921715
22 8311862348362
22 67253858029347
22 249335580443562
22 48722909294320
22 11927451593778
22 52022543108848
22 83719110646462
22 211715378707054
22 31758670248130
22 13373905605331
22 202842830130075
22 180562360152232
22 28683239658672
22 25831811203258
22 127483637021707
22 85432838931754
22 196645429601837
22 103233433450838
22 118799803964310
22 144737597339423
22 52667473145010
22 198045889612025
22 133571038875646
22 14936663589301
22 54179046637766
22 220822587375185
22 148162571741102
22 3686609182075
22 110602757205272
22 277147551031936
22 96035302347010
22 115581591542864
22 25050567591276
22 45393227300608
22 63736773055136
22 43514514120303
22 12011141964122
22 116802174906064
22 107157489122931
22 266729216276875
22 261706513369583
22 216378193482309
22 94224047929931
22 173943130764432
22 208872694618213
22 136673398456936
22 120877772516354
22 90204427684331
22 62069481542138
22 150524310570306
22 124598287124853
22 113827827740977
22 52959232173771
22 221638008163274
22 85286938939155
22 18486825588663
22 114614335597160
22 53719949545532
22 191368161798671
22 218038599119001
22 93733894256126
22 180972994213628
22 202928486602035
22 203825475041102
22 16924743069280
22 202249282070931
22 222790995000312
22 82861734824030
22 40240609471839
22 176800466890481
22 386596215175
22 246150546965731
22 179242641148190
22 179032273952849
22 152612119007045
22 5177720599825
22 83158842422224
22 88238314801135
22 157730098537454
22 180398548314506
22 81164147334436
22 56870127347534
22 53590980133480
22 265644504344421
22 185403107486662
22 153257917460654
22 144252487462266
22 222713222001458
22 13392830441214
22 158832420444628
22 135114815573048
22 106800268287716
22 97118317788283
22 75006875076662
22 43683606824613
22 66503937751273
22 146473818413654
22 185466773473178
22 34326427844917
22 273459670778235
22 230350526795134
22 66495829030818
22 84475292397607
22 233172233277473
22 170016759554675
22 109933427890292
22 251443354747785
22 43248999644395
22 30127844792306
22 200756205277751
22 237338130235110
22 245707204271619
22 218446059896558
22 134776008573699
22 177861604626627
22 125497532418348
22 226007640801136
22 229702208084487
22 191635690623552
22 187215175499792
22 100770953802936
22 160807760105293
22 263021025988570
22 118008278657284
22 169541051479543
22 9278227875076
22 264468451943636
22 178351434538926
22 266833711126644
22 43596097266219
22 176546071081218
22 95401897636663
22 77850510502552
22 177455378291935
22 21527876527608
22 44941061608100
22 87877538470735
22 117042892040705
22 195964196881007
22 184572268967022
22 154964911207040
22 243291161696817
22 218640698904769
22 8135087062650
22 230750912292825
22 94083820614946
22 228472979036418
22 105183012377197
22 276252072227259
22 126906103772475
22 55763661898964
22 195819788303803
22 279931413302893
22 264252514581332
22 48610311452076
22 211203386968960
22 270985280412057
22 40919324995319
22 81364724566541
22 245664807180520
22 182117433891029
22 47922523726564
22 93271885352287
22 140112961099129
22 244206004402287
22 8979045391725
22 66247933202869
22 261378338351307
22 239040173329589
22 207111757894010
22 77984967843932
22 195664952487397
22 157160234709249
22 172197967024844
22 176835040957493
22 218285021594050
22 93354540395171
22 54789059523269
22 244848995351435
22 268711536332064
22 179651780266709
22 269678902747361
22 130796336918606
22 181044545515370
22 211462799102771
22 76674857046562
22 193219593950395
22 275942134869506
22 120599545638054
22 231042345662258
22 125028063924629
22 279112802955628
22 129483939093368
22 102757087833104
22 1279419389800
22 55616298498802
22 7205341453783
22 193814412274626
22 8823191093218
22 229127939142164
22 74390722297403
22 163594908853091
22 108811009810510
22 1168052416970
22 211553097233449
22 14156929846262
22 204603138566706
22 123075695668057
22 109014127292459
22 163068037574674
22 207721968945228
22 154769404741870
22 74567902634934
22 157893879521702
22 157470757111222
22 128310737063096
22 172553957168994
22 169962420221624
22 235676243375326
22 270935363841661
22 12761383449121
22 18779424871318
22 62407503479477
22 155994112904156
22 80208119677172
22 120258642231066
22 262820288098932
22 131316158648339
22 124980319692787
22 122623901414074
22 31249313679955
22 195547744878477
22 69419190898797
22 43864483312282
22 161469787096499
22 231462582494159
22 73827723548645
22 190863308534434
22 96208956984597
22 5485963029645
22 158470632107024
22 197975700247726
22 77814264202100
22 67561597553595
22 158910634239350
22 129092352036240
22 6236070099503
22 271599777836379
22 60563046252619
22 140256440867313
22 26129383508945
22 111894948545464
22 279506173208483
22 202350949289709
22 74846500875110
22 50207922076644
22 100411149260232
22 166586289957768
22 184925905473888
22 181148424008952
22 103453327576448
22 132071033508469
22 168255461639332
22 83454263230212
22 160347785107522
22 156704414304432
22 114646151311136
22 214046989095901
22 257064364374223
22 63867421512614
22 44622671496616
22 5716391234742
22 141868344390909
22 180292343679267
22 201114471689149
22 182861690010500
22 187901625983338
22 87869425051374
22 103925444222826
22 80757902804959
22 263414553785960
22 39542520661739
22 246591259012692
22 162027721978283
22 44158642283076
22 226216412441797
22 195799360857039
22 201749587392736
22 152343788119255
22 111109252242517
22 106070431513196
22 43736157349161
22 86676270806436
22 197884739646843
22 201719415738934
22 105524005792770
22 23816933876874
22 28578518938063
22 36259764905814
22 172752050513186
22 232148428286483
22 162904284889914
22 160310453491335
22 182066301130219
22 151863845568195
22 231187321802572
22 50555875501915
22 188937044968668
22 174355031508255
22 280080116592680
22 256677448535757
22 169595269818021
22 188418901758523
22 252662082502304
22 146946338024505
22 262032071025592
22 98851449447308
22 27976993982490
22 256759822828145
22 160200704757470
22 191470868564846
22 40281267441033
22 209391054448708
22 140349683283556
22 252022157515689
22 99495358042883
22 157795002383533
22 77740391179021
22 221243920095283
22 115689975150294
22 20215992046907
22 230160225566967
22 108603811702382
22 151262559523995
22 169400204806129
22 59366005350185
22 152841346393958
22 203464310740384
22 123068826402843
22 3625533949054
22 66247761549731
22 135410093918631
22 83949227638826
22 82746394580623
22 175046884835356
22 25621057857870
22 31043882814902
22 238667670539063
22 196917645286267
22 118272150448802
22 137119391492938
22 15745213885207
22 238145901361486
22 261415273368245
22 72755390233255
22 187877900873733
22 67579296765932
22 49123905043662
22 143557241097278
22 157504765312814
22 51821830750507
22 225463466778738
22 22073210593245
22 53706965871368
22 109732262546310
22 90676812803392
22 244407064592874
22 222977594924460
22 120705202917937
22 78086370275509
22 62037498128696
22 79394369572869
22 18989710588411
22 134189664125598
22 252267561798333
22 71495451093282
22 23403989267905
22 207222436387550
22 154297293745018
22 3836681753690
22 196782708593155
22 78903462248730
22 55953967739926
22 71856061050084
22 244890041079736
22 45734552650270
22 203523340794824
22 45435539800337
22 217753801129479
22 116864619032754
22 31732416879256
22 197418902612927
22 264536022785203
22 109728677067425
22 4771296178586
22 185981292023617
22 73620740865082
22 16070800273645
22 29965428759848
22 6586391842396
22 10363600962664
22 192304837636931
22 124691493285058
22 187830337483247
22 53808327958889
22 137299028056758
22 133408709033565
22 274173782404525
22 217956177128898
22 220659220966694
22 205469863347224
22 31553787746754
22 102785183631548
22 276176460003539
22 90740807798404
22 84233251842179
22 74486937264433
22 101379061359241
22 94795922279906
22 110074583436614
22 166386823460538
22 261600457594526
22 247863932893562
22 198714573828772
22 72378876428018
22 154411894550323
22 122257206820256
22 254828335931075
22 143829401724205
22 16312626589838
22 94858179312201
22 50361021728821
22 104218822797156
22 242886388724395
22 81002474504016
22 260312536564901
22 128136736552204
22 43364883553348
22 137395797468690
22 63219391869753
22 257743001957896
22 263303028265285
22 172109782215473
22 128342825367433
22 230285776176092
22 185648046305720
22 26432094072268
22 4368450994866
22 226710733335131
22 35960830465850
22 14818113269602
22 117749396289794
22 66122896330205
22 158673714214412
22 20715024010793
22 232327386841223
22 92003545780735
22 166475950320528
22 35260144037614
22 25036171034143
22 223365182443815
22 274600743393972
22 127912464629909
22 66584600852033
22 121960696924940
22 98028461134969
22 248001048936200
22 194394445712124
22 211409406429897
22 163839805106964
22 40863669730763
22 55748326786364
22 142753186271564
22 200975026222784
22 269695544508238
22 196000641952924
22 128601559089809
22 181706424608436
22 237573117873985
22 58009069262894
22 209512915092892
22 244884209050571
22 273725546805124
22 273524754963953
22 21146985919163
22 269711841084061
22 146363478889038
22 93300267449802
22 110888620119600
22 278779022953653
22 232731159138170
22 46141189026409
22 57404648458417
22 38239681927164
22 149683427873254
22 185563961177282
22 111852574239197
22 118345172324861
22 64430125625465
22 25235882739757
22 19399652697962
22 20989808710952
22 187007631495048
22 26819955577002
22 208045829205209
22 5181981645992
22 119244889189464
22 169715654987573
22 125897454473107
22 124359717181612
22 259530685025092
22 16678487216724
22 241250926286694
22 214492367382971
22 260931592059167
22 201336665322659
22 49762893429770
22 179103196732405
22 227870587763779
22 199458167242992
22 102656107188600
22 175394268198330
22 24616661229215
22 2200018686766
22 110607308848091
22 94866086439821
22 111577163036105
22 125097493323314
22 245507596183687
22 236002625700978
22 154804190595205
22 147564909300331
22 94045649439496
22 40002951883812
22 101781530081448
22 15889534174947
22 105787198391524
22 264031303555293
22 145166950057334
22 88103846120677
22 144074754612512
22 196116212000367
22 96738269889379
22 218667273606011
22 231454461652236
22 194144872079412
22 182338607882189
22 272000506375670
22 280663522886669
22 159516657578009
22 267662838031081
22 192763865351813
22 98094718308982
22 208737574831432
22 113120136876258
22 84983035776198
22 8527718949238
22 196125395755188
22 266983269450870
22 184806468439694
22 266941357203878
22 36971489583674
22 138636835584792
22 191926723565695
22 134643886676743
22 169510536352473
22 265374587201204
22 59630149352492
22 59077655928260
22 46178790744101
22 126365449223028
22 51417186509777
22 250734997192584
22 82049669079175
22 249013480722407
22 163214740616218
22 136180578214732
22 10464028749045
22 107213552066300
22 251681443490790
22 53125266252276
22 25592675830373
22 238827284115535
22 239296173739060
22 92508873453447
22 232244368877487
22 180847526460028
22 54107312455653
22 10867965198365
22 183197828531554
22 271572607311812
22 13837875490577
22 121026527950750
22 191004468992709
22 79935812649320
22 174213272647429
22 74470607334391
22 137744906782582
22 226537519996714
22 36541572465475
22 227340056415275
22 22426375886541
22 256972197574881
22 15240506734375
22 220567608925006
22 100449824997774
22 22640534987915
22 196043244333203
22 136673250069651
22 69155906877955
22 25324649100935
22 147663948437586
22 83439776296656
22 167226639164139
22 78489944552413
22 166644959257870
22 215244322550445
22 126123631569809
22 258398928883991
22 161314057312362
22 211286733408291
22 136871316052874
22 228194057428061
22 49311514352067
22 110914048844102
22 265946517320028
22 73732650686621
22 232423989567360
22 29402642935940
22 85040252674020
22 255667981655142
22 248280458875129
22 182849107714809
22 141189059711005
22 276477260403386
22 137044869942978
22 134095897349702
22 62755483497021
22 39738414229883
22 139412174306527
22 157669365709662
22 224966419170161
22 101757152726869
22 16107327806424
22 131182233964954
22 66690295416500
22 64986814199036
22 260887218474264
22 116159008868032
22 252344751842489
22 74583903928330
22 185616455875284
22 9992229959645
22 213951916233877
22 98789473457569
22 170713469007839
22 55548057800629
22 196510175591456
22 252772838892207
22 224478429072107
22 232602567874833
22 17989859192975
22 41307253335647
22 154034674315303
22 176268425866319
22 75432910016593
22 220157861879439
22 160793883746444
22 254230265178414
22 169175254965309
22 195148311947886
22 116312100381545
22 118293288034886
22 195102329801693
22 121667299207940
22 217771026918227
22 154225194965463
22 184633760239902
22 229085313278063
22 274112743875358
22 237506979777612
22 233216660437635
22 67965953657397
22 32804646715418
22 196523526989099
22 21146331833095
22 177441894860949
22 251916438551729
22 269936399652102
22 199680250060758
22 242415813349266
22 249091160633442
22 147769952530319
22 8630833176855
22 141051766969181
22 213889336701651
22 169188523153654
22 80968689130005
22 175476436399637
22 241273876772034
22 72482000580276
22 58589581203856
=== Took 0 seconds
=== Batch 0 / 2496
=== Took 37 seconds
=== Batch 100 / 2496
=== Took 74 seconds
=== Batch 200 / 2496
=== Took 110 seconds
=== Batch 300 / 2496
=== Took 147 seconds
=== Batch 400 / 2496
=== Took 185 seconds
=== Batch 500 / 2496
=== Took 222 seconds
=== Batch 600 / 2496
=== Took 259 seconds
=== Batch 700 / 2496
=== Took 296 seconds
=== Batch 800 / 2496
=== Took 333 seconds
=== Batch 900 / 2496
=== Took 370 seconds
=== Batch 1000 / 2496
=== Took 408 seconds
=== Batch 1100 / 2496
=== Took 446 seconds
=== Batch 1200 / 2496
=== Took 484 seconds
=== Batch 1300 / 2496
=== Took 522 seconds
=== Batch 1400 / 2496
=== Took 560 seconds
=== Batch 1500 / 2496
=== Took 598 seconds
=== Batch 1600 / 2496
=== Took 636 seconds
=== Batch 1700 / 2496
=== Took 674 seconds
=== Batch 1800 / 2496
=== Took 712 seconds
=== Batch 1900 / 2496
=== Took 750 seconds
=== Batch 2000 / 2496
=== Took 789 seconds
=== Batch 2100 / 2496
=== Took 827 seconds
=== Batch 2200 / 2496
=== Took 865 seconds
=== Batch 2300 / 2496
=== Took 903 seconds
=== Batch 2400 / 2496
