0 15 75991061079819
15 0 186280065714286
15 15 25875197506800
15 0 262728270412174
15 0 109259173594493
15 15 105263938096047
15 15 173437343076447
0 15 214653718101668
15 15 129090528559485
0 0 89690546956068
15 15 125837344147806
0 15 29127612998651
15 0 68533400507456
0 15 236621164444062
15 0 249005330573055
15 0 33745729489872
0 15 200139633473903
15 15 85370660598404
15 15 279573446494740
0 15 222599362566309
0 15 106569539677869
15 0 31312662904111
15 15 114308309215684
15 15 256216505157282
0 0 259601060096702
0 0 135797481916836
15 15 263579468615716
15 0 232122864234936
0 15 42199503439426
0 0 185861031760715
15 15 177853462504064
15 0 246757530968052
0 15 114152217237410
0 0 187134036491920
15 15 245943604876391
0 0 258461668894240
0 0 83739180714950
15 15 252359754192303
0 0 241671090184341
0 15 161862437396339
15 0 260202254177512
0 15 264230868539970
15 15 98691918405653
0 0 277471690553462
0 0 22560597626404
0 0 69421468641113
15 0 117517875605918
0 15 211528773546288
0 0 256255711975322
15 15 45854804042583
0 15 208764777802832
0 15 31189527022905
0 0 8222584965271
15 0 194635680614928
0 0 43657987113041
0 0 176772807056380
15 15 223050496268888
0 15 228893185370920
15 0 134488591956729
0 15 14006247116625
0 15 229920341402525
0 0 166365886285775
0 0 10593472976798
15 0 202688396123415
0 15 187440975174081
15 0 28938597166744
0 0 142683183452420
0 0 163625447538272
15 0 119302248660876
15 0 166090497582329
0 0 226069900263449
0 0 154271435384699
15 15 201735258382087
15 0 107654791403532
15 15 17991403523790
15 0 240168103522646
15 0 3186517786104
15 0 193709992758441
15 0 126643252962149
0 15 100954266097630
15 0 243856890390342
15 15 106302456330421
15 0 189576350169105
0 0 15891825942371
0 0 59523503633283
15 0 114482636177040
15 15 101690650578071
0 15 249455154021198
0 0 251165389098057
0 0 218769145815102
15 15 96313742129761
0 15 62806921530662
0 0 170006776137199
0 15 259802935772098
15 15 181898713050460
0 0 121597436743516
0 0 210571368427613
15 15 261081035558426
15 0 277735276218150
0 0 76075409962567
0 15 157007082207894
15 0 100070846742948
15 0 272370730097837
0 0 270196278167002
15 0 89097767952361
0 15 88984727329397
15 0 153046731360046
0 15 119393773904393
0 0 43627338968423
15 0 87156286057819
0 0 73395371183490
15 15 228651948658331
15 0 170877038650315
0 15 222694017283313
0 15 277437176808073
0 0 29877895563414
15 15 243605633271774
15 0 32735675148768
0 15 215243477227947
15 0 18776722600634
0 0 219991251388226
0 15 161332864600137
15 0 61966990294171
15 15 138184777245758
15 0 224161855146089
15 0 107897581292816
0 0 137876084159692
15 0 62909723869367
15 15 125420859969699
0 15 126259916318164
15 0 99762486265822
0 0 218960067964552
0 0 66597454573287
15 15 24507072049699
0 0 44636467762645
0 15 21026739027893
15 0 198934029120159
0 15 86612612376734
15 15 174667194024688
15 15 150883507957394
15 15 260096759879762
15 0 36518912055790
0 0 220338711961677
15 15 276634605372569
0 0 125289322367357
15 15 107751757413556
15 15 246029328407562
0 0 15176829215793
15 15 24425522516573
0 15 36169961414225
0 0 104886664572567
0 15 98934671040656
0 15 43623268807024
15 0 166261837999156
15 15 240959065666740
0 15 191656245980755
15 0 3393593776512
15 15 219486084043463
0 15 5285737776203
0 0 159309789914128
15 15 167189562423180
0 0 201019342904129
15 15 85613201696701
15 0 24683487588217
0 0 89008065381571
15 15 233796010062919
15 15 178022897333231
0 0 254578095777404
15 0 20397764229621
15 15 90969684334638
0 0 147991842014893
0 15 79944012388597
0 0 218116916417642
15 0 108170916713267
0 0 123484566281962
15 0 136329219725144
15 15 212092587630405
15 0 58121768139755
0 0 118417201186809
0 15 63781420158636
15 15 65094843361997
15 0 27181858448583
0 0 31530337169563
0 15 141951736266486
0 0 227963925934080
15 0 203842512037168
15 15 262613915652928
0 0 1429747610407
0 15 146880703337122
15 0 256522676158236
15 0 82817915472521
0 0 262558413948799
0 0 46964668858689
15 15 177534122632256
0 15 76950390709040
15 0 9964934559801
0 0 126031904881449
15 15 27540712313467
15 0 198426178993988
0 0 118103060838128
0 15 154936032578799
15 0 220756981517959
0 15 11739446463842
15 0 277932437663980
15 15 204708805384071
0 15 218006489513110
0 0 155650594070163
0 0 153805357845129
15 0 215640189817233
15 15 264576539286801
15 15 122746474450246
15 15 56778668462173
15 15 206676331596340
0 15 76455202156200
15 15 29496680417693
0 15 88179605422505
0 15 41905030565284
15 15 197393768338039
0 0 45815202035546
0 0 263917226610577
0 0 3580940708630
0 0 182657578612177
15 15 270653079746952
0 0 120425715729533
0 15 246149419516122
15 15 173059796661528
15 0 44470881528793
15 15 210235100633856
15 0 194761041990721
15 15 222387623782020
15 0 252252367421599
0 15 161749246689347
0 15 182481265346015
15 0 19903389660687
15 0 253696628850810
0 15 78189394602535
0 0 4194265306393
0 15 202413732490495
0 0 39495521591753
15 15 269162789770739
15 15 137660653627390
15 0 158934301754533
0 15 243279213771701
0 15 246874513486258
15 0 44847532101560
0 15 249100391847489
0 0 21820977309376
0 0 276492312033418
0 15 207410754053691
0 0 47441540332200
15 15 105454280228870
0 0 267764268523004
0 0 25034511131121
0 15 172617140956237
0 15 270168950951955
15 15 83464684963313
15 15 27731247256034
15 15 30079891535205
15 15 26276671054114
0 0 124097809901276
0 0 15609749929691
0 0 106001753788059
15 0 69369183217713
15 15 145360833799453
15 15 132629605022680
0 15 196299868105798
0 0 43684291818832
15 15 271873516180646
0 15 176387598715678
0 0 269831042582972
0 15 40857313322093
15 15 92802946453283
0 15 231251834319632
0 15 154669968750825
0 15 224406848284447
0 15 71667010998417
15 15 135952770100768
15 0 32358986833991
15 0 272146742066674
15 0 228031811777068
0 0 12441938035230
15 0 39042574512150
15 15 260186505300369
0 15 123355516185667
15 15 148474789439697
0 0 28789727999358
15 0 149541505014640
15 0 102927130988764
0 0 20776053097203
0 0 275571735713715
15 15 43472596563274
0 15 23743301665037
15 15 73967776600061
0 15 251800524237878
15 0 66031194778377
0 0 158829596175775
0 0 170947264350246
0 0 76654758654972
15 0 84896523201884
0 15 13122678965952
15 15 257862584788290
15 0 213156823359066
0 15 161665992921715
15 15 41298654548581
15 0 55458637319410
15 15 113187583316796
0 0 184704544153902
0 15 138905490895849
0 0 210449029173623
15 0 99150089066599
0 15 80395479606138
15 15 270932360626033
15 15 78769744470084
15 0 255978437156765
0 15 34502432629061
0 15 20814556032643
15 0 32736497737285
0 0 36883735051535
15 15 278940868633030
15 0 165140741014972
0 15 9178732712114
0 15 26001503130043
0 0 43186219920961
15 15 130450866085962
15 15 111088327494008
15 15 251563522052699
15 15 144840952847172
15 0 11957332780995
0 15 268736806439294
15 15 69024953322295
15 0 39628291595671
15 15 81562919103376
0 15 240675060141038
0 0 170339123419725
15 15 201837630839408
0 15 41211170251174
15 0 268193315639132
0 0 249424760529827
0 15 228215946338328
15 15 262690968680333
15 15 13472802913540
15 15 264078212952996
0 0 147101563684008
15 0 195314775513215
0 0 123588178420185
0 0 164456720458037
0 15 105714761894647
15 15 46922640896517
15 0 257463211384784
15 15 278154900663436
15 0 188036666878514
15 0 28245220154396
0 15 213868336965865
15 0 184044776476822
0 0 77156096975261
15 15 222254762263469
0 15 61626300477029
15 15 259179974640576
0 0 223325091790633
0 15 199214010443353
15 0 263660951274656
15 0 72881547896684
0 0 134636844565718
0 15 47828339306064
15 0 126311100282868
15 0 55024886767100
15 15 110551059964100
0 0 36911537975722
0 15 197123254556512
0 15 276729859393830
0 15 198612549503482
15 0 31302389808269
15 0 47208852074627
15 0 143439996575385
15 15 177440207033641
15 0 188396504351114
15 0 120662590250645
15 0 139403622375329
0 0 175569334995736
0 15 160657227160735
15 15 81471075149035
0 15 183033796489477
15 0 238548173758548
15 15 205734657776025
0 0 201852161749841
0 15 22106301632729
15 0 49776948897532
0 15 89525853345772
0 15 272083100391924
15 15 39119621439646
15 15 203955584139087
15 15 251101768479269
15 15 80962133990045
15 15 86271364316014
15 15 39552670651441
15 0 73036369679573
0 0 233379339219650
15 0 279928987306183
15 0 199517830725730
15 0 156319955896686
0 15 256002664593086
0 0 30657865910907
0 15 243923931591497
15 15 33429905947567
15 15 92329730329333
15 0 178929824387994
15 15 182196954396914
0 15 45351089176701
15 15 71803106785828
0 15 250661324600545
0 15 24912196579472
15 0 207414168745617
0 0 96426276116133
15 15 50586264182057
15 0 206741032930473
15 0 120060091096451
0 15 106321441101945
0 15 210742575184819
0 0 201208745672735
0 15 16708840476846
0 15 106516774246023
0 0 108341753834800
0 0 135163341894779
0 15 195240760026973
0 15 196873668480039
15 0 20846342883941
15 0 7395350711240
15 15 101605502354508
15 15 162899687186561
0 0 89118578000147
15 15 60282420143159
15 0 131674072370195
15 0 74623120568110
15 0 198019241043821
15 0 36559023972981
0 0 259085206981501
0 15 171326178414956
0 0 58265910204866
15 15 121501884422258
15 15 213350160010518
0 15 10749030606072
15 0 67864934776331
15 15 270015146087241
15 0 144246876932577
0 0 188735428092419
0 15 6102810095962
15 0 230993310708334
0 0 204165477784403
15 0 265543570753269
15 0 157493212011274
15 0 203914228655410
15 15 73763826334915
15 0 150243254189546
0 15 153475726660944
0 15 172443586916506
15 15 260073711467822
15 15 31531192215801
0 15 104736532968094
0 0 216892065352103
0 0 280524667777808
0 15 140111784327064
15 0 236847979453724
15 15 183071053455358
0 15 248153913088989
0 15 137746610146789
0 15 139743122783015
0 0 251801857669102
0 15 138765402022214
0 15 244534027933650
0 0 63853723745212
0 0 9016728493382
15 0 257149826150795
0 0 53047155066614
15 15 201831646770294
15 0 168714667956679
15 15 69923712903092
0 15 149752692820287
15 15 212968418762302
15 15 265924623525333
0 15 117347242499619
15 15 123021022583681
0 0 94153701470168
15 15 39201248164845
0 15 106276385016296
0 15 249857571647991
15 0 255109971658435
0 15 245357039889804
0 15 7419975519316
0 0 126040763732689
0 15 115885286723426
15 0 241504607019597
15 0 259755835494040
15 0 110271559008549
15 15 104264653059590
0 0 139569610717411
15 0 268082874081852
0 0 275189284168695
0 0 57705938113339
15 0 79327354053631
0 0 68261461177830
15 15 251409301159967
0 0 141618946049067
15 0 244515653266149
0 0 139266773684779
15 0 211042701255378
0 0 162110964101965
0 0 47991392868477
15 15 15730747058965
15 0 183152223012279
15 15 88789412407754
15 15 99664557561758
15 15 246607556710584
0 0 205455676009161
