202089762871488
13522192070165
152846345283363
273331460199218
39837322346510
274629997726339
238500830482722
139588106705877
143826285775237
75248531483374
34669058121831
244867563843124
244584517567168
194533582868887
107988178452486
204018586424131
131849480882686
154873141567638
131582186582469
250464087776241
228078304095504
265660880002594
10548920352341
275500448337837
109675100930248
178505305525953
103777231295135
129971928468820
190206343527351
21843325204311
31710575601051
41776819049055
158986718105569
94829885763312
48817767620007
45612998612871
136367674982808
140276959084144
226052671792706
229252622139759
5645933467597
792538599304
58486249398422
192368372057597
130238568280090
13826903596340
77516734107921
227370317697939
165460284257734
135234887007906
123274313432002
274501292945359
224198458995557
190335878883524
215987812729201
168900581806925
21342167407782
99227526255782
101869102567356
11819063906454
184069473243173
606703077176
136670866638750
103262737841031
90247996675461
261035570362527
219127796398463
243787062698628
227010063686001
205354416419168
254881676922439
231495765682268
256711903003901
123110322482944
267326873611633
216184198150272
235184570459358
123385804738952
12886322158574
18505071123486
251412352009235
31182564721606
257513918811774
128425740711790
80395702820956
212798841019850
262183788962874
178510319606528
5220488732051
213494214700755
4497520641860
76309612600786
121339746450973
18608814957013
57224069244859
58339877198093
278177012976685
183082542640758
280516093502889
267498738020367
99582737074585
209640403919384
189071998453836
198752840474592
56552631208919
218038448265708
220408885301941
65501253022294
81557272193746
222885635735946
45409000568419
96720797422763
48604260228469
71648934163796
69267562048180
68836320189518
98453222850895
138578776839299
70854005736465
224871993930769
115260262452095
11749154420948
106199830727598
277964577906469
81012284663619
265381091347783
179466329069007
32417517897830
94666479824898
81590723202729
132333381468803
142556045293314
134781293328049
277089305788463
82250071365213
187344662791597
24725555668648
106100117968404
12327498130110
194988774728770
152797419087029
214649303036011
110370963843119
119791500564269
146529173119078
142301848498470
163645420194056
75030975748789
280410695753727
183021313110825
73265266913734
51547123223299
25325274221333
11162639779954
45242246086182
20895790990448
118087749312926
166138339074520
6256018254037
205026759120157
117800441780958
82729505752597
166552388300230
246997541478346
64637012622348
242835148252909
182941171381884
243712522360238
182925379598755
245588872760386
101083632561906
134332401408691
52970064479451
181612089511724
148587677359472
108419419396623
275519952915305
89084279858233
172894149226157
220678848004426
179371429924407
119042683629476
185832997728713
140638334904333
57995181249044
223183773805851
136779157257075
138528672729833
256450017866843
220680359055868
266793296829693
13363679272121
263304325357078
198295450590966
86823200059
245527583005687
161722924913169
63442299626448
246788233666832
133564681797119
99618572754881
139859451404493
54000342896140
155480255635139
34004681245392
241289270437636
144557072292154
267142694752168
140963443514528
138981460595077
32904123723697
267832907168096
38503826220756
268771931350838
5364006197998
254344544868757
223067741218328
71927223411342
132621481778025
184434232357537
109804302947763
250051919490377
223569596526452
136066986595049
68109139235661
148198326058332
74465683821695
114362151503052
27454591127017
121238516836236
114509186263582
186290309025298
86912378043855
21630634010300
250143551626632
110758401934010
178320616225730
971352302677
52365134339287
273765181906102
227230500100474
157929581483328
200188251695272
225419094814880
265100696327930
93076397946295
170838037181091
221172605699606
171152281887276
137449663938688
99691599999828
192682911770574
53449328318209
102141103719712
100387440050192
117374806258160
251136728452437
518776881478
178140725926483
215189874055280
89010504790827
209770839441461
54627159125441
61950583340061
78013140804403
240332636615678
35036123197019
43251664780092
101210759838659
198487412110827
235374829928816
281360622476233
117581325855144
136991889666594
82290952438302
197366779826694
279375385921396
63740720545486
183223201252473
145654898207194
152683506182711
158297516995371
243312505366456
16955225596295
8943183617169
183371384433073
8465821759934
228619769978293
205698944209764
38906377839505
279457803816634
49376609142588
254367729799593
97891508377113
59914548948389
87441603373263
13373568877549
153536971336062
56611884100653
30343152642160
78965688842601
139777607703075
17253212775092
146551094818416
248171331299303
104501449569069
74437769491145
198014452521285
14967614729964
257450921849805
106452525927192
197853856252569
278718731847148
113522005866034
153759848503704
255823856663371
17703912515540
36980854818374
179542500686240
78343285140112
151647363575996
45986680245150
219200379712667
270012377825776
141625489192650
229392977407595
246254703055299
262933657044459
70720654430340
10794400991562
142451976716944
179878207888279
222204133763064
217429110891283
8007239038356
36199280199898
150698824654532
264429875284799
150386899025231
148360550200303
191794756913355
96970755021051
60542841913893
124611167614870
115619092217776
155512216356611
172634796592454
171755462009759
246435835421598
114047104576803
221701104393533
118873319910162
232981666997992
180270706050808
164803388538655
72230393735352
121958217806796
68178441430490
221028585808857
46708821143235
169533608840367
63318155561921
77725631757803
159283426046380
281107363968882
222432253429233
83880615994359
235093548876088
138332091789244
116580613810688
84840437076593
197844136940241
259807758106657
209829653681217
19163986641650
12243451314335
50747333494302
30066443133256
161867247569555
107478065644914
31481468979196
111704474003254
178707993020703
96935540386135
109672804315391
206566569021065
87003339628255
235758597679391
194628639682627
132792385507604
209936290773775
23874972367192
115195692618205
33828800722214
151865822814794
12150950001709
24434095264072
128381313266256
240603153451898
24159925714602
194591289044483
29437892413642
47137056516473
209091697033447
76651721852460
48415439007751
26984411693415
277869822889226
51147511828298
239861201563192
41264760791672
205955861996411
122439914272758
191425847850915
161991211452628
123556630607209
1907704545895
252170348380757
172888258513756
123522447827600
216117193523786
136455757386063
49943903709124
268637553904692
219001196287581
251978260283613
207707233804595
277782894679517
38643588608103
204892954996907
19201712782528
23076913633919
12399942196916
80371132280145
147926754662885
248110610692904
280587594326528
18507755736080
142558764611513
185763228731233
78436711177536
16640210953892
43985993474629
95178517501520
209632105630055
182347801564174
220606152828226
257378509879281
128951400858289
223048327085935
257416927972039
95354525284507
94217642606068
129084292281798
172535366716443
162691655442256
164559340543893
90966023057573
177609408265318
100264767252245
1127827490998
133538934157961
257106172296365
55059105964751
96960550887117
183200390642219
259600931616027
45538307921408
78647724221910
38621533433385
28283759970162
162821253199793
235818171764823
153279499529677
241592190554048
207127052268825
25154146117566
187370876323733
114040133036019
236717028573025
169729100024456
140346647700543
213362620480598
76553399695855
145774642060406
128932460015390
155269254258002
224547298679071
163857439108240
231616778617913
109577652250149
223100519566388
12747532365831
138491743431197
25742770271959
174692585037216
195936316156688
100982509387934
6178627993046
261250863876782
152366390969183
182385392531858
32869047366788
240792827933028
96632575497073
93563765862806
247559828205924
166090968382147
103983916509624
46418157377255
16172506767510
14861625686780
263057996252199
256999292988607
109684289342707
44395969887993
2368652995565
211611384136114
192792674549216
217369493115397
8320000992587
163053033226771
24433483876258
267740585236018
117332639093554
203387141488200
32140779757483
71718523306172
29131250385752
60954189852499
196118394177582
35775697873346
213646580049724
123868752874138
89057398825027
75233763141816
160625659798047
35010820594825
18304744113854
207314200241155
40869127445634
194789315176344
145221292007083
154092251469546
62895549052360
279721020650632
255919880307293
133073436223611
48558339191193
39990837924429
230315071044523
136804363079368
137825455084366
98417018201631
46165857049062
186544189249384
121115017493980
248286384588532
280553142216941
239317479609950
74642194054936
157485213800510
185571714470838
261539941286696
53577491269564
194546516916889
66781915567006
254076780952608
175803565768630
102230334174293
275605029056232
138044698146722
190000787683336
229290519736413
138340834180879
268199922289395
3077195491562
135660991214370
260396468987781
272216920816987
211360961598766
255516202885388
124572759235354
168814687721732
216338346784004
198320680994403
165608404213814
18899876811800
265357936716393
86314506150263
91939449262732
69009871079340
157640233762658
103132567188154
243408898842331
266111860094732
99437690822609
110947193855479
108480853536604
165274103108492
207957616547001
10970493492388
139417071725561
207192906446155
100917796264220
154344810713807
127416538976940
216378163728552
48678092052002
212433044505616
55179258395867
56278875677069
115549147949488
176055087464051
160572210025106
254995958724299
66231003287142
272712739209117
180470674931823
103555813787584
29961714296827
220069557047158
111456561208484
168819057962694
272844386076471
164609157083502
44050396010563
281352063418355
9590707532551
43124129999075
153793747230391
53413215562688
59050571182855
61753391302164
67697931340718
91780390937291
65739525207915
2089643007445
202300505907466
185525330745789
216317666270614
193318110361769
213280375122090
76482486977246
89750213602779
168295647929932
5606246642846
5878731901736
233808066893945
172053865024518
201314430047742
172857758578454
216836576537971
54531574806465
237822407267337
204719759932790
243373921008945
270769966534231
121322601755141
114381897326545
72547061291669
158022664303477
123123272494241
209363774742265
246453299027974
89414061877594
220900692805582
82165909504734
186016496248951
70954513139771
278723032276320
158854755405840
225798487805274
141052685278029
27447721249638
5952225739334
20271526311540
166356641709382
168114721131399
275401793347122
86608970285242
29129551528141
88961648934450
215507816476097
20984618013908
241511670477159
108558183273983
53100409794987
160594648115071
155193566482376
28940358520726
158697817834629
13358698226035
146863522786720
96987553098344
63486815845007
278974767665723
146865677465538
122971404785118
93420934512393
220114864153585
226237790584448
166638039260273
264567154276117
213802564677812
8888884149078
48155672013826
189567264658137
226435609161157
252820535875180
18666790163058
206278618287599
122313968940735
279273352368521
194556239657398
213411155615148
250388924632817
275127190437446
163068446661952
127075158439657
33044425979545
21577687603415
262816009580150
239998518061974
150966524197581
164051850335649
115064901410802
57743098502468
108998814053128
165608568802426
201319193674528
39052806114557
236804569389393
34363849241706
181773786995142
105260437241410
261483964704396
245867129113047
167751243043984
235516947741288
204945528763534
258653864498025
139032119723016
175489127853465
16792969464251
237167322995952
105761856644021
281430562261185
226004919080659
163644781169175
93897265050208
68943024241369
226689048901321
7862358523607
91799628952470
235034984724710
179518141116253
155582435708375
111332238724923
168418750227738
271918980479389
103689993571784
110550042481297
64602300695642
102742715638343
215487388180690
6441021039249
163065636545619
265031965606251
94951210372698
99833852695582
32046013945234
43222055143499
228618451603709
196881809568036
203516132870611
277013312114628
170322695762891
220105349649632
264295442047056
184487811748034
281107128609640
66339351507035
280341214128430
48443475910842
105511116462275
159643474649667
90798254079804
104023556744590
25565989941225
111125587504789
58128331156112
2966042169270
37932653104732
262817205778441
38237081323933
211893485439905
197552269744205
179732715672709
50521370887195
275072142720119
209296755290140
247283402540660
41587244727580
151795687915942
252543798581516
228652904540217
113787362990943
272366779783158
186343023905402
223889458042160
31272413610817
152626787818472
83958307416251
179114779117305
179393065238659
259082623105396
8035112247286
970988078207
127810136778004
208973194591929
12198609888090
89625587908967
75475358964912
42458389948079
142366311529698
71970652149492
154790659656838
116863330634344
159933323559518
23653807712753
113725636482304
279953105106112
132797447222939
142483403478763
137121669295371
83187406561551
269758786383078
219086272428508
33502459737266
115784591586607
234439288506052
50479362124762
255399523746983
191870752312639
4971389041105
255231244772819
198070415723065
281451981389054
38048689041639
263960419474758
38440381444637
274257309387427
123719397509104
81601493888027
179423600774329
149562722264292
28310313204814
275193143597598
273323769974581
246094643229422
3913500955489
229347271181261
23651048856974
268538580420126
85754568420002
126437874606749
255996416175258
268131198699556
261673658408394
230465835501171
39699627728477
183564267688027
110581472377744
75509453322403
250578912070051
8865445238121
146783637518416
156910989433475
85342044009838
252815272335443
43695942840085
229080006295748
264657746844063
181280819320667
268910216423987
277785469425996
248612015385019
127203797192453
170371206170780
42167746989470
59469896643090
93431352866922
159707709583356
59778166499669
71902570902112
235838695004607
175107012636206
159564122728635
53663539454056
158347101435654
202461200345465
25086172293940
176796898007964
277237746783666
11653382375314
161064511223855
102856116473173
248390291370739
226428346589036
199758935833016
158179810680803
172945783335108
244391463793831
258984475326676
79691950680451
93940454974981
173265211342107
92645390213742
237794331844102
116715331867711
137962747795006
260650349211867
229868073639938
121927215503112
204995674523660
159193486933385
244922885172044
277020443969472
15313155155738
40688250201656
193917368875925
173479535388605
33696921286961
77554953760143
28491890552436
254157142003833
220064383538040
108331750925189
177824234751554
37762725060070
209340324981375
61405719321457
138515217129511
243534496259295
49047434890099
207060080875251
280265628494495
18715174451625
88707986046851
271577358117588
55919563068265
205036099150593
40271329105483
215986321586355
273475845071305
191657808040831
198321897767723
200434789208737
270990396240439
114272737366415
129911343307817
139161691103348
20637093474406
18236500245174
133574002805598
202207709579673
69487010816409
2812138110286
173738180509951
158132187880583
260977291027690
155226166958429
260732092256859
198844628384529
266325662985444
104652377476924
101717784843634
177452502009060
109238453341183
280136099244783
155491608328029
219759581279054
67928859193994
127475270946380
101524821407886
97405170111209
102554124699384
94584959799962
238896183073126
80917570003779
11912094452751
225005457386591
184864788005963
131201149574125
184216042744326
185109550502884
43116446089969
36906968871710
75279178609829
179182596851256
104337834047875
275136345392991
192154216756817
123993540625200
162307931655271
104165845428157
156498473730971
192103252802720
71885861048765
190520640303205
231975690288248
29778140854986
218932872816102
140832991442821
240544581710719
128436536414471
92213878533685
210529200723744
273697289887170
19008775806235
196069570850463
145775506149400
247726105437585
88696154631502
103115257736159
174140740143630
251111260304939
228725288158598
260971924519341
115794804675016
233825355754351
221442152381743
63308692232411
133772010428641
297282338716
65268148059357
160671890179327
278147442680838
117645924004172
185280152092836
145069170631405
57379637194375
258853219177478
248631253400198
5276160279158
239909420104950
143366214713139
272809970292940
159316882897148
34000101958875
42734685566611
198332333826183
155105381695753
44031434875233
97046328045434
59918882109690
243863016707851
193609361161627
23496199969506
91297572967961
148587754154776
263539480008877
199369573547848
165114347128739
261652848136506
38509042881263
17643407504147
32978360465980
97489167744375
20300517062852
29129107899758
103088969849240
94210341478889
188490915808817
85649335851045
206990973733543
129447313279804
83314572206361
157865800734147
191364447719450
150107417256968
116692290952387
275004866116803
60672186006368
138176813808561
145722446859534
136907529663615
226265186662057
169342797486250
274480753046931
95925636262470
237858151903655
267106042143549
237956811943655
247951386119620
268127134148547
93313101469756
222922073053034
177949430610574
127865945582137
153979129468746
86504951229222
271579002422927
190568441958421
145995422823395
126001786806670
259878320355067
174516724475540
57234124548171
181016131178293
70540061265546
29266223942396
169521264833025
22394012153079
280555043028725
100380412452356
132211202070104
8666084365845
258894177933822
61125295467630
169122097346019
215916870120900
4279857925485
179689291382387
238800244448971
234328275726652
28959821885733
198494667722922
281356641718489
79667118979383
148137371366961
241951361933202
45119875274815
248808217331452
223600200384535
126392666060503
93154953345120
159467489786201
13408289508115
142491984966674
172144983384321
250153713770792
101766397750752
277916460499447
12524100320346
89069793452656
21058228183707
166574421254849
37823835325362
1810672203691
126824274468797
54839765296383
142472699397708
115557876031670
7376368899974
10438443805348
225206220907953
17636896549976
140888758340205
183380482862183
123703781723934
279498625796510
260000016433136
62116457532309
92630014121058
83947473765971
129266267740196
131634698566085
78932510864014
237465086123401
256924048923830
186213284781038
263159713305144
69648049209507
28346691086122
198297066066655
263085105295899
220993726464006
74727521588418
222586346684547
162676578030393
196296515707719
82080395621216
32697739997273
19391619904657
114961980809205
210963490651272
141153205875664
266955513619930
45032301272277
228600363440241
107952286874469
133422526841935
108172747500659
20110603035312
136532569161998
258732612445681
171903165731102
31664024458575
42070674982689
217743170652811
182137515416408
55579643394017
253348047110925
106649525788979
64124978581006
220355237513281
89984006149896
13348686723398
200873014777947
212446150363946
255242121940150
35071241212
22914712336186
43675623206819
188128213363319
14228522727585
154874121711242
201289995339807
25313691836433
278613520804434
256211487700587
57223141803187
19534955613577
99471988763342
147130414751429
103048523868341
264099331216802
121151035536621
161599112998297
234866095279776
38861210432801
37462250924989
217243589178010
79507048780582
200030948751790
113019507359710
189026143840217
276812314820024
254308669040988
251239859406721
257591815972220
46216855980503
217474160180549
68627230531915
264061839410817
75963587306784
111082408277334
253009586936160
161032810257573
45873336961501
219002810668375
222625422615636
189501362550187
69943746804517
243370949087123
105893646121755
212720010262130
202565405314684
147130177916539
123462095884129
197439037987827
126178294192244
207827003525638
119842296877808
133521202488220
143945362229144
67291605144654
240453406679990
2509656269019
218341816526948
39967665154207
89684016444964
146385569603908
110625541314838
33955812208782
130686649423429
162468237228717
146552881791893
233759711142682
205570829567942
230330445367192
160336704404250
90936554389252
96788950935118
71154820340732
208430829831416
148493531948918
245011942152965
180445287001214
260188308673221
40169949884616
39921218837746
244327592018594
103037710991046
200377964749633
253469858347132
138553437013049
213858018744504
199044392736469
174398097598353
75019797834727
98668928285124
71691402983922
35377570059959
62924091308118
73349637766515
177753763041081
214934684358179
37178240799059
207460764103953
112729403709880
165586647955245
48410528279588
123040457689362
234336568872712
255958600118622
219435233219778
164255678850404
110860762092042
242596036671464
256782949083522
113080663080333
56978883541290
38680501827271
106420544671889
45964380906340
185090462532562
82188077731261
58959058394390
246282527517894
114866503129417
216169973753907
209316150828942
58547337209560
105465224918096
65311922381116
46354925726585
207317563010557
172306889681511
147741825115337
37170740352794
105739949393489
223076961649645
204072752793544
85229970541655
215791040058050
102279252851438
225300703136663
172278690157336
14842327195255
227178988471167
102519201845610
26339673834042
249473787315777
199402751097255
111838197100616
198156018112352
106309121292346
126886677771436
153461491621880
177401108257535
156809915232267
61645995004066
217786282447478
205826457833398
242601944576617
220197527404684
279943037297185
173077244675023
24629786393689
249645404708740
246928053560019
61580740059410
102434544968483
132314577781346
224949546265439
233747868921715
8311862348362
67253858029347
249335580443562
48722909294320
11927451593778
52022543108848
83719110646462
211715378707054
31758670248130
13373905605331
202842830130075
180562360152232
28683239658672
25831811203258
127483637021707
85432838931754
196645429601837
103233433450838
118799803964310
144737597339423
52667473145010
198045889612025
133571038875646
14936663589301
54179046637766
220822587375185
148162571741102
3686609182075
110602757205272
277147551031936
96035302347010
115581591542864
25050567591276
45393227300608
63736773055136
43514514120303
12011141964122
116802174906064
107157489122931
266729216276875
261706513369583
216378193482309
94224047929931
173943130764432
208872694618213
136673398456936
120877772516354
90204427684331
62069481542138
150524310570306
124598287124853
113827827740977
52959232173771
221638008163274
85286938939155
18486825588663
114614335597160
53719949545532
191368161798671
218038599119001
93733894256126
180972994213628
202928486602035
203825475041102
16924743069280
202249282070931
222790995000312
82861734824030
40240609471839
176800466890481
386596215175
246150546965731
179242641148190
179032273952849
152612119007045
5177720599825
83158842422224
88238314801135
157730098537454
180398548314506
81164147334436
56870127347534
53590980133480
265644504344421
185403107486662
153257917460654
144252487462266
222713222001458
13392830441214
158832420444628
135114815573048
106800268287716
97118317788283
75006875076662
43683606824613
66503937751273
146473818413654
185466773473178
34326427844917
273459670778235
230350526795134
66495829030818
84475292397607
233172233277473
170016759554675
109933427890292
251443354747785
43248999644395
30127844792306
200756205277751
237338130235110
245707204271619
218446059896558
134776008573699
177861604626627
125497532418348
226007640801136
229702208084487
191635690623552
187215175499792
100770953802936
160807760105293
263021025988570
118008278657284
169541051479543
9278227875076
264468451943636
178351434538926
266833711126644
43596097266219
176546071081218
95401897636663
77850510502552
177455378291935
21527876527608
44941061608100
87877538470735
117042892040705
195964196881007
184572268967022
154964911207040
243291161696817
218640698904769
8135087062650
230750912292825
94083820614946
228472979036418
105183012377197
276252072227259
126906103772475
55763661898964
195819788303803
279931413302893
264252514581332
48610311452076
211203386968960
270985280412057
40919324995319
81364724566541
245664807180520
182117433891029
47922523726564
93271885352287
140112961099129
244206004402287
8979045391725
66247933202869
261378338351307
239040173329589
207111757894010
77984967843932
195664952487397
157160234709249
172197967024844
176835040957493
218285021594050
93354540395171
54789059523269
244848995351435
268711536332064
179651780266709
269678902747361
130796336918606
181044545515370
211462799102771
76674857046562
193219593950395
275942134869506
120599545638054
231042345662258
125028063924629
279112802955628
129483939093368
102757087833104
1279419389800
55616298498802
7205341453783
193814412274626
8823191093218
229127939142164
74390722297403
163594908853091
108811009810510
1168052416970
211553097233449
14156929846262
204603138566706
123075695668057
109014127292459
163068037574674
207721968945228
154769404741870
74567902634934
157893879521702
157470757111222
128310737063096
172553957168994
169962420221624
235676243375326
270935363841661
12761383449121
18779424871318
62407503479477
155994112904156
80208119677172
120258642231066
262820288098932
131316158648339
124980319692787
122623901414074
31249313679955
195547744878477
69419190898797
43864483312282
161469787096499
231462582494159
73827723548645
190863308534434
96208956984597
5485963029645
158470632107024
197975700247726
77814264202100
67561597553595
158910634239350
129092352036240
6236070099503
271599777836379
60563046252619
140256440867313
26129383508945
111894948545464
279506173208483
202350949289709
74846500875110
50207922076644
100411149260232
166586289957768
184925905473888
181148424008952
103453327576448
132071033508469
168255461639332
83454263230212
160347785107522
156704414304432
114646151311136
214046989095901
257064364374223
63867421512614
44622671496616
5716391234742
141868344390909
180292343679267
201114471689149
182861690010500
187901625983338
87869425051374
103925444222826
80757902804959
263414553785960
39542520661739
246591259012692
162027721978283
44158642283076
226216412441797
195799360857039
201749587392736
152343788119255
111109252242517
106070431513196
43736157349161
86676270806436
197884739646843
201719415738934
105524005792770
23816933876874
28578518938063
36259764905814
172752050513186
232148428286483
162904284889914
160310453491335
182066301130219
151863845568195
231187321802572
50555875501915
188937044968668
174355031508255
280080116592680
256677448535757
169595269818021
188418901758523
252662082502304
146946338024505
262032071025592
98851449447308
27976993982490
256759822828145
160200704757470
191470868564846
40281267441033
209391054448708
140349683283556
252022157515689
99495358042883
157795002383533
77740391179021
221243920095283
115689975150294
20215992046907
230160225566967
108603811702382
151262559523995
169400204806129
59366005350185
152841346393958
203464310740384
123068826402843
3625533949054
66247761549731
135410093918631
83949227638826
82746394580623
175046884835356
25621057857870
31043882814902
238667670539063
196917645286267
118272150448802
137119391492938
15745213885207
238145901361486
261415273368245
72755390233255
187877900873733
67579296765932
49123905043662
143557241097278
157504765312814
51821830750507
225463466778738
22073210593245
53706965871368
109732262546310
90676812803392
244407064592874
222977594924460
120705202917937
78086370275509
62037498128696
79394369572869
18989710588411
134189664125598
252267561798333
71495451093282
23403989267905
207222436387550
154297293745018
3836681753690
196782708593155
78903462248730
55953967739926
71856061050084
244890041079736
45734552650270
203523340794824
45435539800337
217753801129479
116864619032754
31732416879256
197418902612927
264536022785203
109728677067425
4771296178586
185981292023617
73620740865082
16070800273645
29965428759848
6586391842396
10363600962664
192304837636931
124691493285058
187830337483247
53808327958889
137299028056758
133408709033565
274173782404525
217956177128898
220659220966694
205469863347224
31553787746754
102785183631548
276176460003539
90740807798404
84233251842179
74486937264433
101379061359241
94795922279906
110074583436614
166386823460538
261600457594526
247863932893562
198714573828772
72378876428018
154411894550323
122257206820256
254828335931075
143829401724205
16312626589838
94858179312201
50361021728821
104218822797156
242886388724395
81002474504016
260312536564901
128136736552204
43364883553348
137395797468690
63219391869753
257743001957896
263303028265285
172109782215473
128342825367433
230285776176092
185648046305720
26432094072268
4368450994866
226710733335131
35960830465850
14818113269602
117749396289794
66122896330205
158673714214412
20715024010793
232327386841223
92003545780735
166475950320528
35260144037614
25036171034143
223365182443815
274600743393972
127912464629909
66584600852033
121960696924940
98028461134969
248001048936200
194394445712124
211409406429897
163839805106964
40863669730763
55748326786364
142753186271564
200975026222784
269695544508238
196000641952924
128601559089809
181706424608436
237573117873985
58009069262894
209512915092892
244884209050571
273725546805124
273524754963953
21146985919163
269711841084061
146363478889038
93300267449802
110888620119600
278779022953653
232731159138170
46141189026409
57404648458417
38239681927164
149683427873254
185563961177282
111852574239197
118345172324861
64430125625465
25235882739757
19399652697962
20989808710952
187007631495048
26819955577002
208045829205209
5181981645992
119244889189464
169715654987573
125897454473107
124359717181612
259530685025092
16678487216724
241250926286694
214492367382971
260931592059167
201336665322659
49762893429770
179103196732405
227870587763779
199458167242992
102656107188600
175394268198330
24616661229215
2200018686766
110607308848091
94866086439821
111577163036105
125097493323314
245507596183687
236002625700978
154804190595205
147564909300331
94045649439496
40002951883812
101781530081448
15889534174947
105787198391524
264031303555293
145166950057334
88103846120677
144074754612512
196116212000367
96738269889379
218667273606011
231454461652236
194144872079412
182338607882189
272000506375670
280663522886669
159516657578009
267662838031081
192763865351813
98094718308982
208737574831432
113120136876258
84983035776198
8527718949238
196125395755188
266983269450870
184806468439694
266941357203878
36971489583674
138636835584792
191926723565695
134643886676743
169510536352473
265374587201204
59630149352492
59077655928260
46178790744101
126365449223028
51417186509777
250734997192584
82049669079175
249013480722407
163214740616218
136180578214732
10464028749045
107213552066300
251681443490790
53125266252276
25592675830373
238827284115535
239296173739060
92508873453447
232244368877487
180847526460028
54107312455653
10867965198365
183197828531554
271572607311812
13837875490577
121026527950750
191004468992709
79935812649320
174213272647429
74470607334391
137744906782582
226537519996714
36541572465475
227340056415275
22426375886541
256972197574881
15240506734375
220567608925006
100449824997774
22640534987915
196043244333203
136673250069651
69155906877955
25324649100935
147663948437586
83439776296656
167226639164139
78489944552413
166644959257870
215244322550445
126123631569809
258398928883991
161314057312362
211286733408291
136871316052874
228194057428061
49311514352067
110914048844102
265946517320028
73732650686621
232423989567360
29402642935940
85040252674020
255667981655142
248280458875129
182849107714809
141189059711005
276477260403386
137044869942978
134095897349702
62755483497021
39738414229883
139412174306527
157669365709662
224966419170161
101757152726869
16107327806424
131182233964954
66690295416500
64986814199036
260887218474264
116159008868032
252344751842489
74583903928330
185616455875284
9992229959645
213951916233877
98789473457569
170713469007839
55548057800629
196510175591456
252772838892207
224478429072107
232602567874833
17989859192975
41307253335647
154034674315303
176268425866319
75432910016593
220157861879439
160793883746444
254230265178414
169175254965309
195148311947886
116312100381545
118293288034886
195102329801693
121667299207940
217771026918227
154225194965463
184633760239902
229085313278063
274112743875358
237506979777612
233216660437635
67965953657397
32804646715418
196523526989099
21146331833095
177441894860949
251916438551729
269936399652102
199680250060758
242415813349266
249091160633442
147769952530319
8630833176855
141051766969181
213889336701651
169188523153654
80968689130005
175476436399637
241273876772034
72482000580276
58589581203856