0 0 160719105221294
0 15 87001229364476
15 15 116532920786251
15 0 275805091973441
0 15 92091348130808
15 15 102254623463213
15 15 205095986920181
15 15 44658886204848
0 0 137391142331559
0 0 70826434466568
15 0 155503106554480
0 0 97902912758791
15 0 146584749921308
15 15 107409754388452
0 15 131447759074454
15 0 99297498010860
15 15 116830255157856
15 0 233059767668715
15 0 260832720402967
15 15 67944465244438
15 15 61177976477241
0 0 17327024121228
15 15 245231591814932
15 0 236691686686637
0 15 209487885952832
0 15 150849288370903
0 0 227017732862058
15 0 84153289613579
0 15 176048539346976
0 0 38699319129068
15 15 131364837823429
15 15 32295951188281
0 0 153241698353943
15 15 104071796773037
15 15 216575877425816
0 0 271552076400584
15 15 137951725158256
15 0 134477459640623
0 0 50421900576862
15 0 184359714961169
0 15 131001796189432
15 0 21219348794474
15 15 19302099986925
0 15 56644727823507
0 0 65553271809136
15 0 113577071398832
15 0 48984871525555
0 0 223341000836827
15 0 76328544383136
0 0 196634890379745
0 0 146026813271115
0 15 122997359541390
15 15 195199493537942
15 0 164115687774912
0 15 97874930218633
15 0 244434038082805
0 0 70579890585827
15 15 170725546000816
0 0 56346974279817
0 0 80658850092668
15 15 279156876777107
15 15 214914390167328
15 0 178487573443355
15 15 57433384285238
15 15 166377441360956
0 15 155474131226121
0 0 86174976647621
15 15 250250231280194
15 15 263468146947687
15 15 230970458181252
0 0 133392331552727
0 0 87257644157975
0 0 72715664661611
15 0 241042307262689
15 0 209551673022190
15 15 109076001552298
15 15 126941346206787
15 15 239983255052476
15 15 161903037351892
15 0 223283104669818
0 15 53401070792200
0 15 55143812549033
15 15 83391620618150
15 0 245197024805701
15 0 174193616443067
15 15 123258529343863
0 0 79804132809725
15 0 164828039504895
0 0 55108918100037
15 0 131012496682934
15 0 156342627910669
15 15 24230227344459
15 15 6550284971655
15 15 62382197138310
15 15 86411634890439
15 15 155766881415538
0 0 70831025781927
15 15 248044843291545
0 15 108959193997428
15 0 20700873446326
15 0 206003601001475
0 15 183179679428677
0 15 189426972634253
0 0 276904562216603
0 0 12951944716246
0 15 40583940651371
0 15 76704210093900
15 0 217605735849037
0 15 1816634981291
15 0 276146994329523
15 15 201042632635629
15 15 274760438337658
15 0 73925656542051
0 15 233704395485473
0 15 194833941505267
0 0 34208806401306
15 15 254739176309461
15 0 164271050053786
0 15 216968190337196
15 15 51734393948393
0 15 255693458510847
15 0 73287893886852
15 15 114626621675740
15 15 226058721040109
15 15 158899185188502
0 15 45485577228559
15 0 225353425697507
15 0 204247684733254
15 15 274850075703051
15 0 223960104969655
0 15 101266951409954
15 15 102250265226535
15 0 266867665646566
15 0 271395697577041
0 0 64054998552587
0 0 139404127592935
15 15 174438128810729
15 15 253117352990665
0 0 122804243910915
15 0 174781113548303
15 0 175117333204811
15 15 72139123972138
15 0 179465205686458
15 15 181789299700819
15 15 255640992856432
0 15 81301890127036
15 0 213574396174924
0 15 153065144639865
0 15 266581739148636
0 0 216327420018405
0 0 249196941618779
15 15 256886391160546
15 0 20712138354246
0 15 234926396927736
15 0 240690801720183
0 0 170532065125823
0 15 169720472951623
0 0 229719023128491
0 0 164183354771976
15 15 267697745621361
15 15 78746374382587
15 15 3475077272891
0 15 23069154369942
15 15 193724062519847
15 15 273931795572863
0 15 30877417440069
15 15 193693149857052
15 0 9511055006540
0 15 269935413300590
15 0 150282232875471
0 0 253288630380612
0 0 193979790200170
15 15 215640079242905
15 15 23661105667411
15 15 173240124981158
0 15 36638154399726
0 15 10840245516245
0 15 147811646492805
0 15 205523694418263
0 0 257556919875585
0 0 232261866994007
15 15 1842794549665
15 0 270004283455825
0 0 46841388194643
0 15 147209865681459
15 0 5030429820849
0 0 213178314114584
0 0 72011113585483
0 15 100979751303310
15 0 78093480533605
15 15 134354668615011
0 0 14790915455376
15 0 92042032844203
0 0 128073602218568
0 0 233384445184174
0 15 50865709878727
15 15 70065505589934
0 0 200357208567515
15 15 258818476463063
15 0 68161275307041
15 0 279161646991647
0 15 61274812703570
15 15 208136406996211
0 0 169547284165726
15 15 16224226886547
0 0 5704930686509
0 0 105176569710212
15 0 100478288018645
0 15 88317728578269
0 0 130923866243775
0 0 252945062220554
15 0 162982836484006
15 0 211118468982051
15 0 53633074018817
0 15 190166320435235
0 15 187163429909725
15 0 192251073839808
15 15 180632338169475
0 0 173949915407773
0 0 244777976688867
15 15 79910557033880
0 15 219276433822951
0 0 24362070839505
0 0 8627494129086
0 15 247882394683591
0 0 281037803753888
0 0 171035127433633
0 15 220087353670751
0 0 109032877756406
15 15 164898528954171
15 15 37249367309824
0 15 228484001690859
0 15 50871581607448
15 15 217552679864438
15 15 195070295777146
0 15 208157237321797
0 0 96307042510452
15 0 128309463797036
0 15 231220063753535
0 15 153907523068643
15 15 198935168792650
0 0 148212292081539
15 15 82104409419723
0 15 41912471829906
15 0 43491155364473
15 0 9532600200509
0 15 267719598536232
15 0 210425298658624
15 15 85361983329861
0 0 218833470113253
15 15 75830180905543
0 0 8110777353994
15 0 110860799654074
15 15 203238558244085
0 15 7837250693020
0 15 14315390424486
0 15 53190400139985
15 0 138310363181414
15 0 180529184010028
0 0 10122215070545
0 0 231197168791358
15 0 13611842372205
15 0 34654750644640
0 15 162393037824085
0 15 207051130036175
15 0 211256805804297
0 15 20572559014164
0 15 258292555942354
0 15 124903515188762
15 15 114967168267740
0 15 6222561601424
0 0 101308252343291
0 15 145390796730248
15 15 76126581248925
0 0 15494433368909
0 0 236529315537962
0 15 184632344834829
0 0 26928720898243
15 0 101192910706124
0 0 274032024310513
15 15 271212435741428
0 0 85020672986472
0 0 256380589563118
0 0 102912508014423
0 0 166950648417003
0 15 276404365302093
15 0 51786929202844
15 15 184290163556217
15 15 156120852051266
15 0 163412005472510
15 15 75070498647784
0 0 170404929124233
0 15 271454551461053
15 0 115346880975419
0 15 245566567051995
15 0 275048472802313
15 15 212798604974296
15 15 123954712363919
15 15 134325462389352
15 0 211260718888875
0 0 57613004292207
0 0 141906485720830
0 0 138112800497436
0 15 13012362509949
15 0 190832153542599
15 15 11354770324572
15 15 14454598136184
15 15 188018286072742
0 0 106856768688568
15 0 17875719639007
15 0 274876518820948
15 15 112785515716802
15 0 58296915485973
0 15 89293892036392
0 15 226888389949643
15 0 152826586281594
15 15 270385153981893
0 0 21873560085597
0 0 3964494563194
0 15 249500894971374
15 15 213139059952069
15 0 279197398709051
0 0 176499760589184
15 0 72853341748640
0 15 201752083894934
15 0 22845283021310
15 15 118838560924715
0 0 189250092366437
0 0 133628394889090
15 15 215158156320325
0 0 165758708032060
0 15 77494906115324
0 0 181607100748240
15 15 3987661822374
15 15 38864840208167
15 0 276066851140232
0 0 67738466443301
15 0 113179729901676
0 0 82396551030646
0 15 64447025027308
15 0 242730185545709
15 15 123177089394919
15 15 21332922519505
0 0 102200479556872
0 0 24488931672075
15 0 265747751446841
0 0 22959065588970
15 15 216893480738576
0 15 151977749573479
0 15 181307671056105
15 0 172926397871188
0 15 243870985617400
15 0 75396823056035
0 15 249764769424540
15 15 182047063091973
0 0 89092842300301
0 0 280834283732873
0 0 77770575456594
0 0 23714389793440
0 0 248812210257309
0 15 116713086425644
0 15 262204725136597
15 15 243438538747629
0 0 177483111038449
0 0 52493835398226
15 0 201181078266347
0 15 87641895188810
0 15 227299655547657
0 15 147284466095846
15 15 258854153984097
0 15 59830696736735
0 0 19773457419180
0 0 134817916092443
0 0 9227660298202
15 15 249854581838913
0 0 107421207001013
0 15 224278816842234
0 0 6287055000723
0 0 82126156215499
0 15 169309776717957
0 0 19923182511103
15 15 132081153244274
0 0 26900584221128
15 0 81533635103917
0 0 224347355535284
15 0 196108408663147
15 15 64864496009670
15 0 42217401685062
15 15 252596251317119
0 15 208535874772738
15 0 107294209126669
15 0 51856173259701
15 0 115569760503963
15 15 151387279059251
0 15 221040286480576
0 15 65802007322167
0 0 153690244053741
15 15 79934253114327
15 15 105119593627036
0 0 278140679042885
15 15 96065823374743
15 15 100923207612262
15 0 280115043544534
15 15 109873210950530
0 0 47661551132021
15 0 86582087575387
15 0 84249986430869
0 0 253606886025794
0 15 218243673053610
0 0 279697325973594
15 0 17408494590664
0 0 15531773741036
0 0 151760695946088
0 0 113681692099735
15 15 189067163422786
0 0 56942780858691
0 0 33065092398266
15 15 118809826112589
15 15 228938200385852
0 0 49962952727679
15 0 278983034284782
0 15 271079522379842
0 15 158563347070039
0 0 22501551804280
0 15 240093591826350
15 0 95764354808054
0 15 230995342512306
15 0 100574009955425
0 15 53061647538255
15 0 168066489243655
0 15 262362234899311
0 0 12613938205351
0 0 147957207236496
0 0 198180704879531
0 15 55324895116558
15 15 143403324765091
0 0 57675134403288
15 15 264264203818231
15 0 221777042770239
0 15 207748377044219
0 0 163887788172326
0 0 1083687237667
0 0 237757826251386
0 0 58917329066985
0 15 182419405109026
15 15 168035411941170
15 15 257545049405494
15 0 25793545716195
0 0 120044984710263
0 15 167843748491209
0 0 280577752826620
15 15 140319007129115
0 0 67068190327295
0 0 4728856203631
0 0 8813281742228
15 15 280637870617687
15 0 237297694328537
0 15 246580106491151
15 0 84429275679139
0 0 193214481967889
15 0 18280714193053
15 0 40800982871812
0 15 259970293012271
0 15 115019114204019
15 15 99187962127518
15 15 179634035585039
0 0 233007252435935
0 15 32753998355072
0 15 259405620856960
0 0 135010291971117
15 15 69811592029410
0 15 84742729455519
15 15 45180678413816
15 0 164009136680721
15 0 176967758326898
15 0 161988830006106
15 0 245994124191852
0 15 79003016296531
15 0 167859343463368
15 0 118130232113657
15 0 55418184321536
0 0 171726169017752
15 15 86074998613244
15 0 157324965046888
15 15 190703769425098
0 0 122239594581892
15 15 7842452883155
0 15 276391753130730
15 0 256787558147111
15 0 98300197887705
0 0 135987974179675
0 0 65798170723128
0 0 50673565705804
15 15 139327619749887
15 15 105942361960323
15 15 30621647462557
0 15 154730577970425
0 15 216533797736614
0 0 12627981661024
15 0 273752797781641
15 15 181148037148599
0 15 212053873365573
0 0 58424758765078
15 0 39358142095261
15 0 161848864009935
15 15 419174816944
15 15 158160162015847
0 15 271592228547322
15 0 96212652728847
0 15 14638805132098
15 15 37273174273919
15 15 175296072040297
0 15 35199237821590
15 15 40788898605746
15 0 23580987401005
0 0 80657201715586
0 15 21544090360775
15 15 78861157705544
15 0 105840768523847
15 0 10541966813571
15 15 100832913960788
0 15 23677483035185
0 15 177570867462497
0 15 247561051463326
15 15 119950241429617
0 15 200224473353925
0 15 196078515993519
15 15 3357653884593
0 15 79124426980484
0 15 32351885844335
0 15 75028894067904
15 0 229200890639308
0 15 61318968974749
0 0 19046664764414
15 0 41762849024663
15 15 264797740995405
0 15 267825240256633
15 0 278433489474746
15 15 54180867878791
0 0 102975238503301
0 15 202698289408559
0 0 39812221113172
0 15 207756279624407
15 15 119731205083738
0 0 169650601537308
0 0 107551984837909
0 0 226772312865282
0 15 209141935234544
15 15 135746375713889
15 15 17937052022569
15 0 19999885626341
0 15 66957403890369
15 0 177132130349634
0 15 24196701301032
15 15 35225840878719
0 15 139717670853872
0 0 37393283281465
15 0 243909573375697
0 0 121545869129610
15 15 257135901719548
15 15 269156530295095
0 0 43166948035530
0 0 59936965721558
0 15 87687884702885
15 15 9173728221521
15 0 188427828073590
0 15 52909068567203
0 15 164129156844428
15 15 102617435530226
0 0 103633518615417
0 0 111920871352402
0 0 104098705058050
15 15 152957209650675
0 15 219905908409075
0 0 31051399905548
15 0 243219120348174
15 15 57668769430675
0 0 161801373933412
0 0 173435335483733
15 15 31745150785864
15 15 181799667633998
15 15 154346842059529
0 15 273686587905828
0 0 261133611474187
0 15 136122321638231
15 0 127827382667997
0 15 66064943420852
15 15 236602999796812
0 0 139255349264372
0 15 59248745657594
0 0 3323842122840
15 15 210264470052965
15 0 200266003923433
15 0 233907948748204
0 15 240196930271241
0 15 41226674206811
15 0 54576106910690
15 0 75596783030670
0 15 141414552755716
0 0 154447872394595
0 15 237114928310827
0 0 130124266000074
15 15 271254954135779
15 0 128370326302709
15 15 9337395544856
15 0 94460847702427
15 15 52236928807564
0 15 106040783112364
0 15 229529099942946
0 0 71488394219644
0 0 151642190867675
0 0 193892960951800
0 0 82633384800301
15 0 258228723081546
0 0 88863752158442
0 15 13554129619412
0 15 206333204316858
15 15 100381856399673
0 15 275785211108717
0 15 245092301380269
0 15 23071438786839
0 15 250283792120934
15 0 203979042800721
15 15 61095587129825
15 15 107879598118494
0 15 280491287755238
0 15 202120165471161
0 0 68449334262006
15 15 59752643380298
15 15 184858200457880
0 0 202986284670712
15 0 252443937534478
0 15 222504053136269
0 0 209532448304403
15 0 252672724543236
15 0 62228368865855
15 0 75314202555546
15 0 136777371614124
15 15 269896080221756
0 15 80754052545532
15 0 34906177601766
15 0 119478899247759
0 0 97458252834886
15 15 255452834803002
15 15 61466331954885
15 0 137583158304316
15 15 4792461910463
15 0 233457681231188
15 0 35250633996628
0 15 213231558984257
15 15 121760067775383
15 0 82485326318450
0 0 175849168634393
0 15 164633857658332
0 0 45625269800089
15 0 9946009114445
15 0 123342556862745
0 15 137254615381349
0 0 62275983183896
0 0 3362567054857
15 15 246085637844683
15 0 268860612192100
15 15 271264505839611
0 15 200712254933697
15 15 170780879476365
15 15 157983702064794
0 15 197002409960048
15 0 131844464859571
0 0 165242061839504
0 15 33227178850679
15 15 127778753245180
0 15 74899114189341
15 0 124307658145988
0 15 95104786472669
15 0 176082763958744
15 15 159122641128170
0 15 85014781702022
15 15 13177435986989
0 15 132745544021460
0 15 13030586851027
15 15 189065554294024
15 0 130373823122542
0 15 48381258305285
15 0 136465695981138
0 0 189705604944652
15 0 104598474887547
15 15 47177926292286
15 0 19716335459514
0 0 50998465635447
15 0 142089524468417
15 15 74172107971376
15 15 20939407697624
15 0 144003222281620
0 15 76669572086822
0 0 190459170619146
15 0 14748209759052
0 0 227813313093058
15 15 138575686732758
15 0 185441743770200
0 15 182358439306380
0 15 3005667300210
15 15 101831985532697
15 15 106090969160077
0 0 214241718825428
0 0 224318850753272
0 0 107602160913468
15 0 276976623916883
0 15 206261645132619
0 15 29110745501515
0 15 155242498696707
0 15 61753201111447
15 0 89708516344709
15 15 77382916301728
15 0 170324172282035
0 15 92727715457671
15 15 227824785468315
0 15 82230486152105
0 0 155090345724436
0 15 90477348990149
0 15 106359802222052
15 0 37454306602912
15 0 79127960986865
15 15 208858134203432
0 15 6567445360995
15 0 157696767424962
15 15 123908794480485
15 0 278920058738222
0 0 213063104878126
15 0 234089010409303
15 0 299825735978
15 15 191099902981762
0 0 174310605227989
15 15 7892974686301
15 15 266013674110014
15 15 50702756072949
15 15 176752442721551
15 15 113043053953908
15 0 276982170323228
15 15 194051870942074
0 15 132771397302018
0 0 204517228435099
0 0 179084064730115
0 0 99168490950403
15 15 158845648320461
0 15 197285180105018
15 15 197122730679779
15 0 33156011090102
15 15 252407339893821
15 0 125720602295985
0 0 253261670937809
15 15 212982951325285
0 0 174543220565227
0 0 108318118708420
0 15 24296679541186
15 15 54216375224947
0 0 138108018796685
15 0 79321743013045
0 15 244041828902139
15 15 220369294163200
15 0 127675096889310
0 15 183991882942303
15 15 211489808783772
0 15 235778562415519
0 15 15163041797988
0 0 179758523353886
15 15 272412368450316
15 0 1917716857873
0 15 38276562598069
15 15 140586190025531
0 0 107631463487919
0 0 243211538497783
15 0 195760188372270
15 15 163292973746578
0 15 81714155347614
0 0 181552023962696
0 15 232900068514979
0 15 70655137530200
0 15 155006154804847
15 0 62571606286768
0 0 25148291883006
15 15 263765351060660
15 0 229858869259536
15 0 240777425858986
0 15 38928432825443
15 0 151354915633270
15 15 46032703476186
0 0 146197189538314
0 0 225639583905889
15 15 46487815203939
0 15 266831545005683
15 15 50163622189984
0 0 114775197198082
0 0 172069862517361
0 15 17629264606875
0 15 84224760886495
0 0 112174893751055
15 0 20884432412170
0 15 263016511473308
0 0 113881337250504
15 0 43003599477932
15 15 271075323705019
15 15 265323074502171
15 15 107096570911722
0 15 261478486363452
0 0 24331407323467
15 15 215553597675069
15 0 219392600094264
0 15 102602404336985
15 15 162074658813969
0 15 111951048345183
0 0 151682574790325
0 0 5618616912779
15 15 43313803382419
15 15 64912699645063
15 0 143574309392502
15 0 182171741552329
0 0 165679528399367
0 0 161045919493979
15 0 253387245068251
0 15 230054986679424
15 0 14063842302543
0 0 242732102732162
0 15 11487162277390
0 15 249755094802533
0 0 272655651019584
0 0 195820635827349
0 0 195749324856140
0 15 279468455873165
0 0 244814205682080
0 0 56021507908204
0 0 265130252152032
0 0 35832613736318
0 0 84205179330251
0 15 134888809972450
15 0 79543653019872
15 0 273778668586953
15 15 52746282978607
15 15 268921509401846
0 15 26458421975851
0 0 267961856970222
15 15 160653228529301
15 0 243713720756719
15 15 176295032130293
0 0 89086756916736
0 15 55517299048105
0 0 93794128379103
15 15 97432297739501
0 15 204449029001075
0 0 183810695888508
0 0 154306959935123
0 0 151680873633895
15 0 38993406172793
15 0 1818930211193
0 15 189956643924234
0 0 3834812680713
15 0 13558149377002
15 0 176988500763838
0 0 14959720211591
0 0 279458303902372
0 0 144488256150884
0 0 114984522818971
15 0 257605593024002
0 0 173324430123964
15 15 65039829133320
15 15 39119940504518
15 0 95280498768030
15 15 235085870605695
15 15 68454441037248
0 0 132532715468384
0 15 222156996410841
0 0 178544324635649
0 0 102000577686349
15 15 89946529814941
0 0 7235107343019
0 15 192337311684097
0 15 60680856464594
0 0 242962280260191
0 15 85360112512033
15 0 191957889409738
15 0 195369359500888
15 0 218983434653731
0 15 75957728444083
0 15 178273943844579
15 15 1070270329901
15 15 166863150088867
0 15 118997330367681
15 0 176576649176876
15 15 59009968761419
15 15 205684169062837
15 0 242554111458524
0 0 53781820967733
0 0 115635722554977
15 0 161081187695854
15 15 258329934715434
15 15 182676398868665
15 15 200551071099264
15 0 33263592637592
15 15 35668626611695
0 0 180984995010147
15 15 281414366073258
0 0 202367474628375
0 0 188124442683105
0 0 76696631209828
0 0 74203873924365
0 15 78122012318100
15 15 24774749194196
15 0 256272531789343
0 15 150112781065335
0 0 186388775093199
15 0 221779549797172
0 15 234916052070856
0 0 131781776552540
15 15 174343233068370
15 15 278457410334458
0 15 228868712120841
15 15 233449130803689
0 15 224942324290438
0 15 34696755134116
15 15 245945880376618
0 0 222792842189027
15 0 208777700550964
15 0 14944512237585
0 15 77756282204018
0 15 117194928078093
0 15 198244685867988
15 15 268820121418825
15 15 247538859325191
0 0 66161376431828
0 15 248417530443671
15 0 56715824881311
15 0 73182925543808
15 0 9607191827680
0 0 228553745157671
0 0 35720579004913
0 0 208696264846806
15 15 209153435748489
15 0 216713004168550
0 15 131863309682985
15 15 60297117655658
15 0 193169560001312
0 15 57908821703953
0 15 227275542006736
0 0 242001480454705
15 0 100573459274338
15 15 273589984810608
0 15 4211318852448
0 0 208580190205576
0 0 208523236599293
15 0 209672259715125
0 0 7121427337278
15 15 47469009124346
0 0 252086197048699
0 15 277609778005398
0 15 233407812036642
15 15 4773852175485
15 15 191751785561557
15 15 110029894158449
0 0 101885983663275
0 15 98431009802937
0 0 151531000953423
0 0 224332759628093
15 0 54991110504886
0 15 133130059830661
15 0 186734144374251
15 15 155277795882881
0 15 74989784520548
0 0 164017836492525
0 0 30921560113432
0 15 99158157777375
15 15 196779634115010
0 15 258706905371487
15 15 15199533862280
0 0 83281115098681
0 0 6742779489803
15 15 104416346064469
15 0 48016925934527
0 15 106842842697634
15 0 81874127611910
0 15 238352906386971
15 0 27902413692534
15 0 205158672455812
15 0 85150074233906
0 0 176839245951206
15 0 166180400604544
0 0 86542097190168
15 15 25157886698615
15 0 23041449160626
15 15 104203143134410
15 15 22608223699365
15 0 125848724245149
15 15 77375763871875
15 0 152470614805878
15 0 15007482471297
0 0 70464150780877
0 0 22608427058395
15 15 234792181933762
0 0 96625347541290
15 15 230375539292380
15 15 99516246387090
0 0 279547353329451
0 0 167686913657794
15 15 76371978340427
0 0 212050331294311
0 15 188649752192031
0 0 182633191669015
0 15 266054067251372
15 0 255911864217689
15 15 85312158863725
0 15 73287195279829
15 15 57718156453319
0 0 15957022355486
0 15 60397567878100
0 0 58082618326136
0 0 140318425050446
15 15 86858446145847
0 15 33400560673285
15 0 66200340692820
15 15 57307455314685
15 0 43387082782341
15 15 68515827292320
15 0 83877685804006
15 0 45986210526415
15 0 28363429698509
0 15 167584129958760
15 0 149511544378021
0 0 174426709657427
0 15 245141935003647
15 15 147805224753544
15 15 166913006522436
0 0 36495508847506
0 0 115060612214532
0 0 158531185184247
15 0 137242241147272
0 0 106814834291121
15 0 100483596394112
15 15 141559997504580
15 15 254066617571466
0 15 35435038727460
0 15 168781680608260
0 15 265968700995693
0 15 195206381689222
0 0 241781959497285
15 0 181474938412646
0 15 193473090098642
15 15 110052856687628
0 0 242758778140895
15 15 44816214073509
0 0 256006888041420
15 15 272195459657843
0 0 134392768920044
15 15 123197287319701
15 15 185907845004758
0 0 97223589984864
15 15 219206091198028
0 0 167633722471540
15 15 227942000560912
0 15 180075035401526
15 0 120524441975934
0 15 48669895271169
0 0 234044168894566
15 0 277941037725752
0 0 42182402954255
0 0 230073068014174
0 0 6073092519904
0 0 240832327659470
0 0 65231369374607
0 0 98375510536486
15 15 35372631941759
15 15 17508101082444
15 0 221532478940520
15 0 177332719816288
15 15 111216205686912
15 0 17650755932992
0 0 29857269951347
0 0 39692031087556
0 0 237472251181636
15 0 256773025537805
0 15 33223484389781
0 15 46373726499105
0 15 228906495592477
0 0 66754274298743
0 15 274623297547857
15 0 168722702460208
15 15 153440216249114
0 0 9310258102463
0 15 54891920878093
0 0 90246112791337
0 0 47642234897209
15 0 62912663791909
15 15 44381300734257
0 0 137745148586785
0 15 61555932429658
0 0 3399879262106
15 0 279418536308856
0 0 248805845802716
15 15 66783074727432
15 15 208577852899422
0 0 101779253951473
15 0 251869972447087
0 15 174454199811895
15 0 163680818311542
15 15 171415143348720
15 15 136579906592504
0 0 217919091011940
15 0 147728988967607
15 0 47576407148649
15 0 138697641284804
15 15 6979270494186
15 0 172885820385549
15 0 128826866937327
15 0 66247206507870
15 15 76661326828234
15 0 232137712407338
0 0 161329853283146
15 15 265951995839227
0 0 226920449800306
0 0 31121234560206
15 0 22258302151893
15 15 137085712787992
15 0 54476606792964
15 0 225177544389539
0 0 200348118710406
0 15 275099032256925
15 15 51108634184837
0 15 239130117810543
0 0 153780954847647
0 15 19473146403124
0 15 51384631701909
15 15 138839979876387
0 15 177120294314606
15 0 236655975918696
15 0 133086066896707
15 15 281352560900801
0 15 238604578680447
0 15 82208577451498
0 0 58085667995733
0 0 27971552541528
0 15 17477856365484
15 0 248316083365182
15 0 96863012209205
15 0 109790733542986
15 0 192221432240065
0 15 242328730051730
15 15 113376143777765
15 15 131386175340411
0 0 114638478788981
0 15 78714532816473
0 15 220654494342793
15 0 48914806926094
0 15 231421026365783
15 15 163303903342147
0 0 247942725632010
15 15 190749259093961
15 15 97289798875705
0 0 112089282960821
15 0 213772745712886
15 0 11567657725598
15 0 260160682441374
15 0 125878614503504
15 0 14106211588621
15 15 77290609511536
15 0 113870978333945
0 0 95057609260709
15 0 122450680414491
15 0 136017939132961
15 15 223283353428302
15 15 21202889588081
15 0 161072164991714
0 0 162303772298221
15 15 247715238140771
15 15 179694978417540
15 0 237253324814880
0 15 957359075654
0 0 194156123490665
15 15 220328981889412
0 15 225006684909476
0 0 72301924654080
15 0 105767537797400
15 0 264741085374339
0 0 195584395077618
15 0 260534553089151
0 0 219023514658971
0 15 152976875876377
15 15 154014681968357
0 0 11830996597018
15 0 178435137099425
15 0 123585372725252
0 15 146117059548620
15 15 272944815599205
0 0 91244945045935
15 0 227618474492541
15 0 155504134807404
0 0 200623926510454
15 15 139840303456532
0 15 40408993775530
0 15 250889178314817
15 0 197599411144982
0 0 197002501243168
0 15 79649736585300
0 0 47179072067928
0 0 162823979899298
15 0 140990019920490
0 15 249284920197937
0 15 212830942741168
15 15 129716009157218
0 15 2078243836504
0 15 165552032862436
0 15 224086145764838
0 15 98681073256167
0 0 67173875347636
0 15 131825214549918
15 15 148812106089948
15 15 59426218780309
15 0 20653498965476
0 15 234180424948113
0 15 188368222618407
15 0 144033688377590
0 15 123795725974276
15 15 24921167740682
15 0 258003163421263
15 0 65366470254297
0 15 248151220783691
15 15 82789397581343
15 0 166906066863477
15 0 280176258345524
15 0 276882508413141
15 15 97451561434127
0 15 276364899705315
15 15 1069835740725
15 15 256748530166648
0 15 172016872238579
0 0 3278047346918
0 0 10108814791278
0 15 238449877259638
0 0 79659907153492
15 0 81162658436792
15 0 204319790841031
15 15 53109535265287
15 15 30712192720318
0 15 50936288740379
15 15 85617786837117
15 15 106381553722034
15 15 111085222946922
15 15 11967261268136
0 0 51063601735995
0 15 279908475712915
0 0 164180543749239
15 15 154954384233396
0 0 220078863960162
15 15 96718114143011
15 0 16106045657316
0 0 270432918860835
0 0 38761441031154
15 15 117478742523312
0 0 120692488630605
15 15 65534443214813
0 15 90109690452053
15 0 128416606219080
15 15 198046116001088
15 15 100299101586450
15 15 47004213831127
0 15 178304032328421
15 0 215086105420013
15 15 46166185208358
15 15 179697904267426
0 0 62897994994686
15 0 94035443717382
15 15 4684601736942
0 0 239381614865142
0 0 33375727513129
15 0 243257437232708
15 15 112924222646448
15 0 39331216428725
15 15 16378731022885
0 15 146286591467910
15 15 265633069591371
15 0 207556348483815
0 0 187285744173520
0 15 14778689358591
15 15 180546070164511
0 15 118528211881412
0 15 236124866840765
15 15 231885193014473
15 0 81317206368911
0 0 94868094794020
0 0 169582155622479
0 15 119878998168187
15 0 160174171658387
0 0 250255332359903
15 0 92790964730397
15 15 267253883170078
15 15 172383642165699
0 0 245862153139891
15 0 116306278837554
0 0 159931377085981
15 0 192131213403785
0 15 224260880203205
15 0 64967849355178
15 15 104652066486791
15 0 176366182465844
15 15 111466979844593
0 15 14665948407171
0 0 91555719941190
15 0 265077417078584
0 0 158627961443842
0 0 240098446182775
15 15 36421745399218
15 15 277716566616202
15 0 155271420667258
0 15 121761257328075
15 0 8459486409824
15 15 54764027972487
15 0 203724179078203
0 15 50403715225447
0 0 218399743645117
15 15 49479787257846
15 15 167642741644786
15 15 24399748284086
0 0 215759690893637
0 0 187905626111041
0 15 107506234624652
15 0 11496860827668
0 15 168566117722440
0 0 12780466787566
0 0 106771915553007
15 0 223224372638978
15 0 110195846692612
15 0 163936473066876
15 0 93519820214789
15 0 250639400500288
15 15 49611649074394
0 15 118873249259478
15 15 28394340859752
15 15 268341011000
15 0 197971556351502
15 15 265566073847986
0 15 76917106527714
0 0 19311088163882
15 15 7977749799839
15 0 240298474077927
15 0 265314855730701
15 0 89736811814261
15 0 68680025409794
15 15 217746694425918
0 0 75965814810864
0 15 147689288828026
15 0 261294315062827
0 0 209144266778008
15 15 8016500017201
15 15 2588940215880
0 15 46433691801081
15 15 67245984482719
15 0 79927479216571
0 0 253834351657419
15 0 249402995889368
0 15 247660751948572
0 0 29906148962052
0 15 178116841264255
15 0 167692659279347
15 0 280811492093339
