274618490907886
165450320925611
178530832661869
98471580067618
277950771624264
214667592570374
166162726111157
6276177333944
241301323530601
138963574208488
223544534288665
221148343443579
215173884050973
106466704010613
95200757493821
182372785779299
257403067165866
114065061069214
76528345751426
155248812522303
12772608808554
25754406588602
96648990225692
256978924079826
157499618836051
254060245211725
69021235339713
89770310323126
233785541606932
20246676312089
158675048325864
226452031179688
18691387913247
109021796980069
223911903064925
12223126947127
38067242325642
43671760816504
102846492437304
248408056648862
173244715064182
271555097087161
139177438397977
109263193763218
88712283605795
228713977455595
233837005638914
268117233697198
100392650111081
93168796950029
21040488580342
225224698135516
279507993014259
32679730976308
59936886161
99497185299619
68647995197222
119826020578461
233782358001015
48389965974089
85220622772794
217800155886619
13383185757374
173957255385853
18509467808218
158814251990969
94095323697999
195837724924886
108797284222499
80226610030233
31259087678526
43847860016375
190847095690447
166609202171365
187881721661191
111087138519608
160292227952874
230148046612122
203450035712973
197400813833682
217974932720559
185668537325525
200991515807917
25247717748288
199433179899549
280679593648736
251663506328971
196026621005566
49327257370542
248260155586196
141205592405616
154009489331786
32780058388087
8643006302074
